0.0
0.0
0.0
0.0
0.0
0.0
0.0
0.0
0.0
0.005002021789550781
0.0
0.0
0.0
0.0
0.0
0.0
0.0
0.0
0.0
0.006000995635986328
0.0
0.0
0.0
0.0
0.0
0.0
0.0
0.0
0.0
0.005000591278076172
0.0
0.0
0.0
0.0
0.0
0.0
0.0
0.0
0.0
0.004999876022338867
0.0
0.0
0.0
0.0
0.0
0.0
0.0
0.0
0.0
0.00500035285949707
0.0
0.0
0.0
0.0
0.0
0.0
0.0
0.0
0.0
0.004998683929443359
0.0
0.0
0.0
0.0
0.0
0.0
0.0
0.0
0.0
0.004997730255126953
0.0
0.0
0.0
0.0
0.0
0.0
0.0
0.0
0.0
0.004999637603759766
0.0
0.0
0.0
0.0
0.0
0.0
0.0
0.0
0.0
0.0049991607666015625
0.0
0.0
0.0
0.0
0.0
0.0
0.0
0.0
0.0
0.005997896194458008
0.0
0.0
0.0
0.0
0.0
0.0
0.0
0.0
0.0
0.006000518798828125
0.0
0.0
0.0
0.0
0.0
0.0
0.0
0.0
0.0
0.00500178337097168
0.0
0.0
0.0
0.0
0.0
0.0
0.0
0.0
0.0
0.004999876022338867
0.0
0.0
0.0
0.0
0.0
0.0
0.0
0.0
0.0
0.005000114440917969
0.0
0.0
0.0
0.0
0.0
0.0
0.0
0.0
0.0
0.004999876022338867
0.0
0.0
0.0
0.0
0.0
0.0
0.0
0.0
0.0
0.005002021789550781
0.0
0.0
0.0
0.0
0.0
0.0
0.0
0.0
0.0
0.004998683929443359
0.0
0.0
0.0
0.0
0.0
0.0
0.0
0.0
0.0
0.0049991607666015625
0.0
0.0
0.0
0.0
0.0
0.0
0.0
0.0
0.0
0.004998207092285156
0.0
0.0
0.0
0.0
0.0
0.0
0.0
0.0
0.0
0.006000518798828125
0.0
0.0
0.0
0.0
0.0
0.0
0.0
0.0
0.0
0.004999876022338867
0.0
0.0
0.0
0.0
0.0
0.0
0.0
0.0
0.0
0.00599980354309082
0.0
0.0
0.0
0.0
0.0
0.0
0.0
0.0
0.0
0.004995822906494141
0.0
0.0
0.0
0.0
0.0
0.0
0.0
0.0
0.0
0.004996776580810547
0.0
0.0
0.0
0.0
0.0
0.0
0.0
0.0
0.0
0.006001472473144531
0.0
0.0
0.0
0.0
0.0
0.0
0.0
0.0
0.0
0.005000591278076172
0.0
0.0
0.0
0.0
0.0
0.0
0.0
0.0
0.0
0.006002187728881836
0.0
0.0
0.0
0.0
0.0
0.0
0.0
0.0
0.0
0.004998922348022461
0.0
0.0
0.0
0.0
0.0
0.0
0.0
0.0
0.0
0.00500178337097168
0.0
0.0
0.0
0.0
0.0
0.0
0.0
0.0
0.0
0.004999876022338867
0.0
0.0
0.0
0.0
0.0
0.0
0.0
0.0
0.0
0.005999565124511719
0.0
0.0
0.0
0.0
0.0
0.0
0.0
0.0
0.0
0.00500035285949707
0.0
0.0
0.0
0.0
0.0
0.0
0.0
0.0
0.0
0.005000114440917969
0.0
0.0
0.0
0.0
0.0
0.0
0.0
0.0
0.0
0.004999637603759766
0.0
0.0
0.0
0.0
0.0
0.0
0.0
0.0
0.0
0.0050013065338134766
0.0
0.0
0.0
0.0
0.0
0.0
0.0
0.0
0.0
0.005999326705932617
0.0
0.0
0.0
0.0
0.0
0.0
0.0
0.0
0.0
0.004999637603759766
0.0
0.0
0.0
0.0
0.0
0.0
0.0
0.0
0.0
0.005000591278076172
0.0
0.0
0.0
0.0
0.0
0.0
0.0
0.0
0.0
0.00599980354309082
0.0
0.0
0.0
0.0
0.0
0.0
0.0
0.0
0.0
0.004999399185180664
0.0
0.0
0.0
0.0
0.0
0.0
0.0
0.0
0.0
0.006000518798828125
0.0
0.0
0.0
0.0
0.0
0.0
0.0
0.0
0.0
0.005001544952392578
0.0
0.0
0.0
0.0
0.0
0.0
0.0
0.0
0.0
0.005000591278076172
0.0
0.0
0.0
0.0
0.0
0.0
0.0
0.0
0.0
0.0060024261474609375
0.0
0.0
0.0
0.0
0.0
0.0
0.0
0.0
0.0
0.006000041961669922
0.0
0.0
0.0
0.0
0.0
0.0
0.0
0.0
0.0
0.006001710891723633
0.0
0.0
0.0
0.0
0.0
0.0
0.0
0.0
0.0
0.0050008296966552734
0.0
0.0
0.0
0.0
0.0
0.0
0.0
0.0
0.0
0.004999876022338867
0.0
0.0
0.0
0.0
0.0
0.0
0.0
0.0
0.0
0.005000114440917969
0.0
0.0
0.0
0.0
0.0
0.0
0.0
0.0
0.0
0.0049991607666015625
0.0
0.0
0.0
0.0
0.0
0.0
0.0
0.0
0.0
0.004999876022338867
0.0
0.0
0.0
0.0
0.0
0.0
0.0
0.0
0.0
0.004997968673706055
0.0
0.0
0.0
0.0
0.0
0.0
0.0
0.0
0.0
0.004999637603759766
0.0
0.0
0.0
0.0
0.0
0.0
0.0
0.0
0.0
0.003999948501586914
0.0
0.0
0.0
0.0
0.0
0.0
0.0
0.0
0.0
0.004998683929443359
0.0
0.0
0.0
0.0
0.0
0.0
0.0
0.0
0.0
0.004999637603759766
0.0
0.0
0.0
0.0
0.0
0.0
0.0
0.0
0.0
0.005004167556762695
0.0
0.0
0.0
0.0
0.0
0.0
0.0
0.0
0.0
0.004999876022338867
0.0
0.0
0.0
0.0
0.0
0.0
0.0
0.0
0.0
0.00500035285949707
0.0
0.0
0.0
0.0
0.0
0.0
0.0
0.0
0.0
0.005998849868774414
0.0
0.0
0.0
0.0
0.0
0.0
0.0
0.0
0.0
0.006000518798828125
0.0
0.0
0.0
0.0
0.0
0.0
0.0
0.0
0.0
0.004999637603759766
0.0
0.0
0.0
0.0
0.0
0.0
0.0
0.0
0.0
0.005000114440917969
0.0
0.0
0.0
0.0
0.0
0.0
0.0
0.0
0.0
0.00599980354309082
0.0
0.0
0.0
0.0
0.0
0.0
0.0
0.0
0.0
0.004998683929443359
0.0
0.0
0.0
0.0
0.0
0.0
0.0
0.0
0.0
0.004999637603759766
0.0
0.0
0.0
0.0
0.0
0.0
0.0
0.0
0.0
0.005000591278076172
0.0
0.0
0.0
0.0
0.0
0.0
0.0
0.0
0.0
0.004999876022338867
0.0
0.0
0.0
0.0
0.0
0.0
0.0
0.0
0.0
0.00500035285949707
0.0
0.0
0.0
0.0
0.0
0.0
0.0
0.0
0.0
0.0060002803802490234
0.0
0.0
0.0
0.0
0.0
0.0
0.0
0.0
0.0
0.004000186920166016
0.0
0.0
0.0
0.0
0.0
0.0
0.0
0.0
0.0
0.0059986114501953125
0.0
0.0
0.0
0.0
0.0
0.0
0.0
0.0
0.0
0.004999399185180664
0.0
0.0
0.0
0.0
0.0
0.0
0.0
0.0
0.0
0.006000041961669922
0.0
0.0
0.0
0.0
0.0
0.0
0.0
0.0
0.0
0.004999399185180664
0.0
0.0
0.0
0.0
0.0
0.0
0.0
0.0
0.0
0.004999637603759766
0.0
0.0
0.0
0.0
0.0
0.0
0.0
0.0
0.0
0.006000995635986328
0.0
0.0
0.0
0.0
0.0
0.0
0.0
0.0
0.0
0.005000591278076172
0.0
0.0
0.0
0.0
0.0
0.0
0.0
0.0
0.0
0.004997968673706055
0.0
0.0
0.0
0.0
0.0
0.0
0.0
0.0
0.0
0.005000591278076172
0.0
0.0
0.0
0.0
0.0
0.0
0.0
0.0
0.0
0.0049970149993896484
0.0
0.0
0.0
0.0
0.0
0.0
0.0
0.0
0.0
0.006000518798828125
0.0
0.0
0.0
0.0
0.0
0.0
0.0
0.0
0.0
0.005996227264404297
0.0
0.0
0.0
0.0
0.0
0.0
0.0
0.0
0.0
0.005000591278076172
0.0
0.0
0.0
0.0
0.0
0.0
0.0
0.0
0.0
0.00500035285949707
0.0
0.0
0.0
0.0
0.0
0.0
0.0
0.0
0.0
0.005027294158935547
0.0
0.0
0.0
0.0
0.0
0.0
0.0
0.0
0.0
0.005000591278076172
0.0
0.0
0.0
0.0
0.0
0.0
0.0
0.0
0.0
0.005032539367675781
0.0
0.0
0.0
0.0
0.0
0.0
0.0
0.0
0.0
0.005997657775878906
0.0
0.0
0.0
0.0
0.0
0.0
0.0
0.0
0.0
0.005001068115234375
0.0
0.0
0.0
0.0
0.0
0.0
0.0
0.0
0.0
0.004999399185180664
0.0
0.0
0.0
0.0
0.0
0.0
0.0
0.0
0.0
0.004968166351318359
0.0
0.0
0.0
0.0
0.0
0.0
0.0
0.0
0.0
0.0050013065338134766
0.0
0.0
0.0
0.0
0.0
0.0
0.0
0.0
0.0
0.00603032112121582
0.0
0.0
0.0
0.0
0.0
0.0
0.0
0.0
0.0
0.005029439926147461
0.0
0.0
0.0
0.0
0.0
0.0
0.0
0.0
0.0
0.004999876022338867
0.0
0.0
0.0
0.0
0.0
0.0
0.0
0.0
0.0
0.004999637603759766
0.0
0.0
0.0
0.0
0.0
0.0
0.0
0.0
0.0
0.004999876022338867
0.0
0.0
0.0
0.0
0.0
0.0
0.0
0.0
0.0
0.004999637603759766
0.0
0.0
0.0
0.0
0.0
0.0
0.0
0.0
0.0
0.004997730255126953
0.0
0.0
0.0
0.0
0.0
0.0
0.0
0.0
0.0
0.004999637603759766
0.0
0.0
0.0
0.0
0.0
0.0
0.0
0.0
0.0
0.00599980354309082
0.0
0.0
0.0
0.0
0.0
0.0
0.0
0.0
0.0
0.005001544952392578
0.0
0.0
0.0
0.0
0.0
0.0
0.0
0.0
0.0
0.005000591278076172
0.0
0.0
0.0
0.0
0.0
0.0
0.0
0.0
0.0
0.004999637603759766
0.0
0.0
0.0
0.0
0.0
0.0
0.0
0.0
0.0
0.00500035285949707
0.0
0.0
0.0
0.0
0.0
0.0
0.0
0.0
0.0
0.006000041961669922
0.0
0.0
0.0
0.0
0.0
0.0
0.0
0.0
0.0
0.00500035285949707
0.0
0.0
0.0
0.0
0.0
0.0
0.0
0.0
0.0
0.005998134613037109
0.0
0.0
0.0
0.0
0.0
0.0
0.0
0.0
0.0
0.005000114440917969
0.0
0.0
0.0
0.0
0.0
0.0
0.0
0.0
0.0
0.00500035285949707
0.0
0.0
0.0
0.0
0.0
0.0
0.0
0.0
0.0
0.004999399185180664
0.0
0.0
0.0
0.0
0.0
0.0
0.0
0.0
0.0
0.004999637603759766
0.0
0.0
0.0
0.0
0.0
0.0
0.0
0.0
0.0
0.004999876022338867
0.0
0.0
0.0
0.0
0.0
0.0
0.0
0.0
0.0
0.004998445510864258
0.0
0.0
0.0
0.0
0.0
0.0
0.0
0.0
0.0
0.006001472473144531
0.0
0.0
0.0
0.0
0.0
0.0
0.0
0.0
0.0
0.0060007572174072266
0.0
0.0
0.0
0.0
0.0
0.0
0.0
0.0
0.0
0.0049970149993896484
0.0
0.0
0.0
0.0
0.0
0.0
0.0
0.0
0.0
0.005000114440917969
0.0
0.0
0.0
0.0
0.0
0.0
0.0
0.0
0.0
0.004999876022338867
0.0
0.0
0.0
0.0
0.0
0.0
0.0
0.0
0.0
0.005002737045288086
0.0
0.0
0.0
0.0
0.0
0.0
0.0
0.0
0.0
0.00500035285949707
0.0
0.0
0.0
0.0
0.0
0.0
0.0
0.0
0.0
0.004997968673706055
0.0
0.0
0.0
0.0
0.0
0.0
0.0
0.0
0.0
0.005000114440917969
0.0
0.0
0.0
0.0
0.0
0.0
0.0
0.0
0.0
0.005000114440917969
0.0
0.0
0.0
0.0
0.0
0.0
0.0
0.0
0.0
0.004997968673706055
0.0
0.0
0.0
0.0
0.0
0.0
0.0
0.0
0.0
0.004998207092285156
0.0
0.0
0.0
0.0
0.0
0.0
0.0
0.0
0.0
0.005999565124511719
0.0
0.0
0.0
0.0
0.0
0.0
0.0
0.0
0.0
0.005998134613037109
0.0
0.0
0.0
0.0
0.0
0.0
0.0
0.0
0.0
0.0049991607666015625
0.0
0.0
0.0
0.0
0.0
0.0
0.0
0.0
0.0
0.00500035285949707
0.0
0.0
0.0
0.0
0.0
0.0
0.0
0.0
0.0
0.004999637603759766
0.0
0.0
0.0
0.0
0.0
0.0
0.0
0.0
0.0
0.005999565124511719
0.0
0.0
0.0
0.0
0.0
0.0
0.0
0.0
0.0
0.00499415397644043
0.0
0.0
0.0
0.0
0.0
0.0
0.0
0.0
0.0
0.004998445510864258
0.0
0.0
0.0
0.0
0.0
0.0
0.0
0.0
0.0
0.004999637603759766
0.0
0.0
0.0
0.0
0.0
0.0
0.0
0.0
0.0
0.004996538162231445
0.0
0.0
0.0
0.0
0.0
0.0
0.0
0.0
0.0
0.00500178337097168
0.0
0.0
0.0
0.0
0.0
0.0
0.0
0.0
0.0
0.005001068115234375
0.0
0.0
0.0
0.0
0.0
0.0
0.0
0.0
0.0
0.004998445510864258
0.0
0.0
0.0
0.0
0.0
0.0
0.0
0.0
0.0
0.004998207092285156
0.0
0.0
0.0
0.0
0.0
0.0
0.0
0.0
0.0
0.006002187728881836
0.0
0.0
0.0
0.0
0.0
0.0
0.0
0.0
0.0
0.006001949310302734
0.0
0.0
0.0
0.0
0.0
0.0
0.0
0.0
0.0
0.004999399185180664
0.0
0.0
0.0
0.0
0.0
0.0
0.0
0.0
0.0
0.004999876022338867
0.0
0.0
0.0
0.0
0.0
0.0
0.0
0.0
0.0
0.004999399185180664
0.0
0.0
0.0
0.0
0.0
0.0
0.0
0.0
0.0
0.005999326705932617
0.0
0.0
0.0
0.0
0.0
0.0
0.0
0.0
0.0
0.004999637603759766
0.0
0.0
0.0
0.0
0.0
0.0
0.0
0.0
0.0
0.00500035285949707
0.0
0.0
0.0
0.0
0.0
0.0
0.0
0.0
0.0
0.0050013065338134766
0.0
0.0
0.0
0.0
0.0
0.0
0.0
0.0
0.0
0.004999399185180664
0.0
0.0
0.0
0.0
0.0
0.0
0.0
0.0
0.0
0.0060007572174072266
0.0
0.0
0.0
0.0
0.0
0.0
0.0
0.0
0.0
0.004999399185180664
0.0
0.0
0.0
0.0
0.0
0.0
0.0
0.0
0.0
0.004999399185180664
0.0
0.0
0.0
0.0
0.0
0.0
0.0
0.0
0.0
0.006000518798828125
0.0
0.0
0.0
0.0
0.0
0.0
0.0
0.0
0.0
0.005000591278076172
0.0
0.0
0.0
0.0
0.0
0.0
0.0
0.0
0.0
0.004998207092285156
0.0
0.0
0.0
0.0
0.0
0.0
0.0
0.0
0.0
0.005000591278076172
0.0
0.0
0.0
0.0
0.0
0.0
0.0
0.0
0.0
0.005001068115234375
0.0
0.0
0.0
0.0
0.0
0.0
0.0
0.0
0.0
0.004999637603759766
0.0
0.0
0.0
0.0
0.0
0.0
0.0
0.0
0.0
0.006007194519042969
0.0
0.0
0.0
0.0
0.0
0.0
0.0
0.0
0.0
0.004975795745849609
0.0
0.0
0.0
0.0
0.0
0.0
0.0
0.0
0.0
0.006002187728881836
0.0
0.0
0.0
0.0
0.0
0.0
0.0
0.0
0.0
0.005000114440917969
0.0
0.0
0.0
0.0
0.0
0.0
0.0
0.0
0.0
0.0049855709075927734
0.0
0.0
0.0
0.0
0.0
0.0
0.0
0.0
0.0
0.004971981048583984
0.0
0.0
0.0
0.0
0.0
0.0
0.0
0.0
0.0
0.005000591278076172
0.0
0.0
0.0
0.0
0.0
0.0
0.0
0.0
0.0
0.0050296783447265625
0.0
0.0
0.0
0.0
0.0
0.0
0.0
0.0
0.0
0.006001710891723633
0.0
0.0
0.0
0.0
0.0
0.0
0.0
0.0
0.0
0.005968809127807617
0.0
0.0
0.0
0.0
0.0
0.0
0.0
0.0
0.0
0.005000591278076172
0.0
0.0
0.0
0.0
0.0
0.0
0.0
0.0
0.0
0.005969524383544922
0.0
0.0
0.0
0.0
0.0
0.0
0.0
0.0
0.0
0.004996776580810547
0.0
0.0
0.0
0.0
0.0
0.0
0.0
0.0
0.0
0.004969596862792969
0.0
0.0
0.0
0.0
0.0
0.0
0.0
0.0
0.0
0.004997730255126953
0.0
0.0
0.0
0.0
0.0
0.0
0.0
0.0
0.0
0.005768775939941406
0.0
0.0
0.0
0.0
0.0
0.0
0.0
0.0
0.0
0.006000995635986328
0.0
0.0
0.0
0.0
0.0
0.0
0.0
0.0
0.0
0.005997180938720703
0.0
0.0
0.0
0.0
0.0
0.0
0.0
0.0
0.0
0.004998683929443359
0.0
0.0
0.0
0.0
0.0
0.0
0.0
0.0
0.0
0.005032062530517578
0.0
0.0
0.0
0.0
0.0
0.0
0.0
0.0
0.0
0.0060002803802490234
0.0
0.0
0.0
0.0
0.0
0.0
0.0
0.0
0.0
0.004999876022338867
0.0
0.0
0.0
0.0
0.0
0.0
0.0
0.0
0.0
0.0060002803802490234
0.0
0.0
0.0
0.0
0.0
0.0
0.0
0.0
0.0
0.005000114440917969
0.0
0.0
0.0
0.0
0.0
0.0
0.0
0.0
0.0
0.004999399185180664
0.0
0.0
0.0
0.0
0.0
0.0
0.0
0.0
0.0
0.00500035285949707
0.0
0.0
0.0
0.0
0.0
0.0
0.0
0.0
0.0
0.0050008296966552734
0.0
0.0
0.0
0.0
0.0
0.0
0.0
0.0
0.0
0.004999637603759766
0.0
0.0
0.0
0.0
0.0
0.0
0.0
0.0
0.0
0.004999876022338867
0.0
0.0
0.0
0.0
0.0
0.0
0.0
0.0
0.0
0.004999637603759766
0.0
0.0
0.0
0.0
0.0
0.0
0.0
0.0
0.0
0.0049974918365478516
0.0
0.0
0.0
0.0
0.0
0.0
0.0
0.0
0.0
0.0049991607666015625
0.0
0.0
0.0
0.0
0.0
0.0
0.0
0.0
0.0
0.0049991607666015625
0.0
0.0
0.0
0.0
0.0
0.0
0.0
0.0
0.0
0.0049991607666015625
0.0
0.0
0.0
0.0
0.0009996891021728516
0.0
0.0
0.0
0.0
0.005000114440917969
0.0
0.0
0.0
0.0
0.0
0.0
0.0
0.0
0.0
0.0060002803802490234
0.0
0.0
0.0
0.0
0.0
0.0
0.0
0.0
0.0
0.00599980354309082
0.0
0.0
0.0
0.0
0.0
0.0
0.0
0.0
0.0
0.0049991607666015625
0.0
0.0
0.0
0.0
0.0
0.0
0.0
0.0
0.0
0.006001710891723633
0.0
0.0
0.0
0.0
0.0
0.0
0.0
0.0
0.0
0.004998922348022461
0.0
0.0
0.0
0.0
0.0
0.0
0.0
0.0
0.0
0.006002902984619141
0.0
0.0
0.0
0.0
0.0
0.0
0.0
0.0
0.0
0.005000591278076172
0.0
0.0
0.0
0.0
0.0
0.0
0.0
0.0
0.0
0.00500035285949707
0.0
0.0
0.0
0.0
0.0
0.0
0.0
0.0
0.0
0.004998922348022461
0.0
0.0
0.0
0.0
0.0
0.0
0.0
0.0
0.0
0.005999326705932617
0.0
0.0
0.0
0.0
0.0
0.0
0.0
0.0
0.0
0.0060002803802490234
0.0
0.0
0.0
0.0
0.0
0.0
0.0
0.0
0.0
0.004999637603759766
0.0
0.0
0.0
0.0
0.0
0.0
0.0
0.0
0.0
0.005974292755126953
0.0
0.0
0.0
0.0
0.0
0.0
0.0
0.0
0.0
0.004998445510864258
0.0
0.0
0.0
0.0
0.0
0.0
0.0
0.0
0.0
0.006000041961669922
0.0
0.0
0.0
0.0
0.0
0.0
0.0
0.0
0.0
0.00600123405456543
0.0
0.0
0.0
0.0
0.0
0.0
0.0
0.0
0.0
0.004999399185180664
0.0
0.0
0.0
0.0
0.0
0.0
0.0
0.0
0.0
0.00599980354309082
0.0
0.0
0.0
0.0
0.0
0.0
0.0
0.0
0.0
0.00400090217590332
0.0
0.0
0.0
0.0
0.0
0.0
0.0
0.0
0.0
0.0050008296966552734
0.0
0.0
0.0
0.0
0.0
0.0
0.0
0.0
0.0
0.004999876022338867
0.0
0.0
0.0
0.0
0.0
0.0
0.0
0.0
0.0
0.005001544952392578
0.0
0.0
0.0
0.0
0.0
0.0
0.0
0.0
0.0
0.004999399185180664
0.0
0.0
0.0
0.0
0.0
0.0
0.0
0.0
0.0
0.004996538162231445
0.0
0.0
0.0
0.0
0.0
0.0
0.0
0.0
0.0
0.005977153778076172
0.0
0.0
0.0
0.0
0.0
0.0
0.0
0.0
0.0
0.0050008296966552734
0.0
0.0
0.0
0.0
0.0
0.0
0.0
0.0
0.0
0.00500035285949707
0.0
0.0
0.0
0.0
0.0
0.0
0.0
0.0
0.0
0.0049991607666015625
0.0
0.0
0.0
0.0
0.0
0.0
0.0
0.0
0.0
0.006001710891723633
0.0
0.0
0.0
0.0
0.0
0.0
0.0
0.0
0.0
0.004999876022338867
0.0
0.0
0.0
0.0
0.0
0.0
0.0
0.0
0.0
0.00500178337097168
0.0
0.0
0.0
0.0
0.0
0.0
0.0
0.0
0.0
0.004998207092285156
0.0
0.0
0.0
0.0
0.0
0.0
0.0
0.0
0.0
0.0050296783447265625
0.0
0.0
0.0
0.0
0.0
0.0
0.0
0.0
0.0
0.005031108856201172
0.0
0.0
0.0
0.0
0.0
0.0
0.0
0.0
0.0
0.0060122013092041016
0.0
0.0
0.0
0.0
0.0
0.0
0.0
0.0
0.0
0.004999637603759766
0.0
0.0
0.0
0.0
0.0
0.0
0.0
0.0
0.0
0.004999399185180664
0.0
0.0
0.0
0.0
0.0
0.0
0.0
0.0
0.0
0.005001068115234375
0.0
0.0
0.0
0.0
0.0
0.0
0.0
0.0
0.0
0.004997968673706055
0.0
0.0
0.0
0.0
0.0
0.0
0.0
0.0
0.0
0.006028175354003906
0.0
0.0
0.0
0.0
0.0
0.0
0.0
0.0
0.0
0.0050008296966552734
0.0
0.0
0.0
0.0
0.0
0.0
0.0
0.0
0.0
0.0049991607666015625
0.0
0.0
0.0
0.0
0.0
0.0
0.0
0.0
0.0
0.0049974918365478516
0.0
0.0
0.0
0.0
0.0
0.0
0.0
0.0
0.0
0.006000518798828125
0.0
0.0
0.0
0.0
0.0
0.0
0.0
0.0
0.0
0.005004405975341797
0.0
0.0
0.0
0.0
0.0
0.0
0.0
0.0
0.0
0.005028486251831055
0.0
0.0
0.0
0.0
0.0
0.0
0.0
0.0
0.0
0.005032777786254883
0.0
0.0
0.0
0.0
0.0
0.0
0.0
0.0
0.0
0.0049991607666015625
0.0
0.0
0.0
0.0
0.0
0.0
0.0
0.0
0.0
0.005998849868774414
0.0
0.0
0.0
0.0
0.0
0.0
0.0
0.0
0.0
0.005999565124511719
0.0
0.0
0.0
0.0
0.0
0.0
0.0
0.0
0.0
0.004999399185180664
0.0
0.0
0.0
0.0
0.0
0.0
0.0
0.0
0.0
0.00500035285949707
0.0
0.0
0.0
0.0
0.0
0.0
0.0
0.0
0.0
0.004999876022338867
0.0
0.0
0.0
0.0
0.0
0.0
0.0
0.0
0.0
0.0049724578857421875
0.0
0.0
0.0
0.0
0.0
0.0
0.0
0.0
0.0
0.006000518798828125
0.0
0.0
0.0
0.0
0.0
0.0
0.0
0.0
0.0
0.0050008296966552734
0.0
0.0
0.0
0.0
0.0
0.0
0.0
0.0
0.0
0.004998207092285156
0.0
0.0
0.0
0.0
0.0
0.0
0.0
0.0
0.0
0.005999088287353516
0.0
0.0
0.0
0.0
0.0
0.0
0.0
0.0
0.0
0.005999088287353516
0.0
0.0
0.0
0.0
0.0
0.0
0.0
0.0
0.0
0.0050029754638671875
0.0
0.0
0.0
0.0
0.0
0.0
0.0
0.0
0.0
0.005993366241455078
0.0
0.0
0.0
0.0
0.0
0.0
0.0
0.0
0.0
0.005970001220703125
0.0
0.0
0.0
0.0
0.0
0.0
0.0
0.0
0.0
0.005028724670410156
0.0
0.0
0.0
0.0
0.0
0.0
0.0
0.0
0.0
0.004976034164428711
0.0
0.0
0.0
0.0
0.0
0.0
0.0
0.0
0.0
0.005001544952392578
0.0
0.0
0.0
0.0
0.0
0.0
0.0
0.0
0.0
0.005998849868774414
0.0
0.0
0.0
0.0
0.0
0.0
0.0
0.0
0.0
0.004999876022338867
0.0
0.0
0.0
0.0
0.0
0.0
0.0
0.0
0.0
0.005000114440917969
0.0
0.0
0.0
0.0
0.0
0.0
0.0
0.0
0.0
0.006001710891723633
0.0
0.0
0.0
0.0009996891021728516
0.0
0.0
0.0
0.0
0.0
0.0060007572174072266
0.0
0.0
0.0
0.0
0.0
0.0
0.0
0.0
0.0
0.006000995635986328
0.0
0.0
0.0
0.0
0.0
0.0
0.0
0.0
0.0
0.0049974918365478516
0.0
0.0
0.0
0.0
0.0
0.0
0.0
0.0
0.0
0.006032705307006836
0.0
0.0
0.0
0.0
0.0
0.0
0.0
0.0
0.0
0.0069997310638427734
0.0
0.0
0.0
0.0
0.0
0.0
0.0
0.0
0.0
0.004999876022338867
0.0
0.0
0.0
0.0
0.0
0.0
0.0
0.0
0.0
0.004999876022338867
0.0
0.0
0.0
0.0
0.0
0.0
0.0
0.0
0.0
0.0050008296966552734
0.0
0.0
0.0
0.0
0.0
0.0
0.0
0.0
0.0
0.0060007572174072266
0.0
0.0
0.0
0.0
0.0
0.0
0.0
0.0
0.0
0.004999876022338867
0.0
0.0
0.0
0.0
0.0
0.0
0.0
0.0
0.0
0.005002737045288086
0.0
0.0
0.0
0.0
0.0
0.0
0.0
0.0
0.0
0.005000591278076172
0.0
0.0
0.0
0.0
0.0
0.0
0.0
0.0
0.0
0.005000114440917969
0.0
0.0
0.0
0.0
0.0
0.0
0.0
0.0
0.0
0.004999876022338867
0.0
0.0
0.0
0.0
0.0
0.0
0.0
0.0
0.0
0.005000114440917969
0.0
0.0
0.0
0.0
0.0
0.0
0.0
0.0
0.0
0.0060307979583740234
0.0
0.0
0.0
0.0
0.0
0.0
0.0
0.0
0.0
0.005842447280883789
0.0
0.0
0.0
0.0
0.0
0.0
0.0
0.0
0.0
0.005000114440917969
0.0
0.0
0.0
0.0
0.0
0.0
0.0
0.0
0.0
0.006000041961669922
0.0
0.0
0.0
0.0
0.0
0.0
0.0
0.0
0.0
0.004998922348022461
0.0
0.0
0.0
0.0
0.0
0.0
0.0
0.0
0.0
0.004999876022338867
0.0
0.0
0.0
0.0
0.0
0.0
0.0
0.0
0.0
0.0060002803802490234
0.0
0.0
0.0
0.0
0.0
0.0
0.0
0.0
0.0
0.00599980354309082
0.0
0.0
0.0
0.0
0.0
0.0
0.0
0.0
0.0
0.006002187728881836
0.0
0.0
0.0
0.0
0.0
0.0
0.0
0.0
0.0
0.004999399185180664
0.0
0.0
0.0
0.0
0.0
0.0
0.0
0.0
0.0
0.004999637603759766
0.0
0.0
0.0
0.0
0.0
0.0
0.0
0.0
0.0
0.0059964656829833984
0.0
0.0
0.0
0.0
0.0
0.0
0.0
0.0
0.0
0.004998683929443359
0.0
0.0
0.0
0.0
0.0
0.0
0.0
0.0
0.0
0.00500035285949707
0.0
0.0
0.0
0.0
0.0
0.0
0.0
0.0
0.0
0.0059969425201416016
0.0
0.0
0.0
0.0
0.0
0.0
0.0
0.0
0.0
0.004996776580810547
0.0
0.0
0.0
0.0
0.0
0.0
0.0
0.0
0.0
0.005001544952392578
0.0
0.0
0.0
0.0
0.0
0.0
0.0
0.0
0.0
0.00599980354309082
0.0
0.0
0.0
0.0
0.0
0.0
0.0
0.0
0.0
0.00500178337097168
0.0
0.0
0.0
0.0
0.0
0.0
0.0
0.0
0.0
0.005043983459472656
0.0
0.0
0.0
0.0
0.0
0.0
0.0
0.0
0.0
0.00599980354309082
0.0
0.0
0.0
0.0
0.0
0.0
0.0
0.0
0.0
0.0049970149993896484
0.0
0.0
0.0
0.0
0.0
0.0
0.0
0.0
0.0
0.005998849868774414
0.0
0.0
0.0
0.0
0.0
0.0
0.0
0.0
0.0
0.005998373031616211
0.0
0.0
0.0
0.0
0.0
0.0
0.0
0.0
0.0
0.00599980354309082
0.0
0.0
0.0
0.0
0.0
0.0
0.0
0.0
0.0
0.005000591278076172
0.0
0.0
0.0
0.0
0.0
0.0
0.0
0.0
0.0
0.006002664566040039
0.0
0.0
0.0
0.0
0.0
0.0
0.0
0.0
0.0
0.005002498626708984
0.0
0.0
0.0
0.0
0.0
0.0
0.0
0.0
0.0
0.00500178337097168
0.0
0.0
0.0
0.0
0.0
0.0
0.0
0.0
0.0
0.005999326705932617
0.0
0.0
0.0
0.0
0.0
0.0
0.0
0.0
0.0
0.005997657775878906
0.0
0.0
0.0
0.0
0.0
0.0
0.0
0.0
0.0
0.0049974918365478516
0.0
0.0
0.0
0.0
0.0
0.0
0.0
0.0
0.0
0.004997730255126953
0.0
0.0
0.0
0.0
0.0
0.0
0.0
0.0
0.0
0.0049974918365478516
0.0
0.0
0.0
0.0
0.0
0.0
0.0
0.0
0.0
0.004999399185180664
0.0
0.0
0.0
0.0
0.0
0.0
0.0
0.0
0.0
0.004999399185180664
0.0
0.0
0.0
0.0
0.0
0.0
0.0
0.0
0.0
0.0060024261474609375
0.0
0.0
0.0
0.0
0.0
0.0
0.0
0.0
0.0
0.004999399185180664
0.0
0.0
0.0
0.0
0.0
0.0
0.0
0.0
0.0
0.005001068115234375
0.0
0.0
0.0
0.0
0.0
0.0
0.0
0.0
0.0
0.00599980354309082
0.0
0.0
0.0
0.0
0.0
0.0
0.0
0.0
0.0
0.004999637603759766
0.0
0.0
0.0
0.0
0.0
0.0
0.0
0.0
0.0
0.004997968673706055
0.0
0.0
0.0
0.0
0.0
0.0
0.0
0.0
0.0
0.0060024261474609375
0.0
0.0
0.0
0.0
0.0
0.0
0.0
0.0
0.0
0.005000591278076172
0.0
0.0
0.0
0.0
0.0
0.0
0.0
0.0
0.0
0.006003379821777344
0.0
0.0
0.0
0.0
0.0
0.0
0.0
0.0
0.0
0.00500035285949707
0.0
0.0
0.0
0.0
0.0
0.0
0.0
0.0
0.0
0.004998922348022461
0.0
0.0
0.0
0.0
0.0
0.0
0.0
0.0
0.0
0.005975008010864258
0.0
0.0
0.0
0.0
0.0
0.0
0.0
0.0
0.0
0.005000114440917969
0.0
0.0
0.0
0.0
0.0
0.0
0.0
0.0
0.0
0.004996776580810547
0.0
0.0
0.0
0.0
0.0
0.0
0.0
0.0
0.0
0.005000114440917969
0.0
0.0
0.0
0.0
0.0
0.0
0.0
0.0
0.0
0.004999637603759766
0.0
0.0
0.0
0.0
0.0
0.0
0.0
0.0
0.0
0.0050029754638671875
0.0
0.0
0.0
0.0
0.0
0.0
0.0
0.0
0.0
0.005999565124511719
0.0
0.0
0.0
0.0
0.0
0.0
0.0
0.0
0.0
0.005000114440917969
0.0
0.0
0.0
0.0
0.0
0.0
0.0
0.0
0.0
0.005999326705932617
0.0
0.00099945068359375
0.0
0.0
0.0
0.0
0.0
0.0
0.0
0.0059986114501953125
0.0
0.0
0.0
0.0
0.0
0.0
0.0
0.0
0.0
0.004998683929443359
0.0
0.0
0.0
0.0
0.0
0.0
0.0
0.0
0.0
0.00599980354309082
0.0
0.0
0.0
0.0
0.0
0.0
0.0
0.0
0.0
0.0060007572174072266
0.0
0.0
0.0
0.0
0.0
0.0
0.0
0.0
0.0
0.0050013065338134766
0.0
0.0
0.0
0.0
0.0
0.0
0.0
0.0
0.0
0.006109952926635742
0.0
0.0
0.0
0.0
0.0
0.0
0.0
0.0
0.0
0.004998683929443359
0.0
0.0
0.0
0.0
0.0
0.0
0.0
0.0
0.0
0.0050313472747802734
0.0
0.0
0.0
0.0
0.0
0.0
0.0
0.0
0.0
0.004999399185180664
0.0
0.0
0.0
0.0
0.0
0.0
0.0
0.0
0.0
0.0060007572174072266
0.0
0.0
0.0
0.0
0.0
0.0
0.0
0.0
0.0
0.005002260208129883
0.0
0.0
0.0
0.0
0.0
0.0
0.0
0.0
0.0
0.0049991607666015625
0.0
0.0
0.0
0.0
0.0
0.0
0.0
0.0
0.0
0.005999088287353516
0.0
0.0
0.0
0.0
0.0
0.0
0.0
0.0
0.0
0.006000995635986328
0.0
0.0
0.0
0.0
0.0
0.0
0.0
0.0
0.0
0.00599980354309082
0.0
0.0
0.0
0.0
0.0
0.0
0.0
0.0
0.0
0.004999876022338867
0.0
0.0
0.0
0.0
0.0
0.0
0.0
0.0
0.0
0.0060002803802490234
0.0
0.0
0.0
0.0
0.0
0.0
0.0
0.0
0.0
0.005002498626708984
0.0
0.0
0.0
0.0
0.0
0.0
0.0
0.0
0.0
0.0060002803802490234
0.0
0.0
0.0
0.0
0.0
0.0
0.0
0.0
0.0
0.004999399185180664
0.0
0.0
0.0
0.0
0.0
0.0
0.0
0.0
0.0
0.005999565124511719
0.0
0.0
0.0
0.0
0.0
0.0
0.0
0.0
0.0
0.004997730255126953
0.0
0.0
0.0
0.0
0.0
0.0
0.0
0.0
0.0
0.005001544952392578
0.0
0.0
0.0
0.0
0.0
0.0
0.0
0.0
0.0
0.005970478057861328
0.0
0.0
0.0
0.0
0.0
0.0
0.0
0.0
0.0
0.00600123405456543
0.0
0.0
0.0
0.0
0.0
0.0
0.0
0.0
0.0
0.006018638610839844
0.0
0.0
0.0
0.0
0.0
0.0
0.0
0.0
0.0
0.0050296783447265625
0.0
0.0
0.0
0.0
0.0
0.0
0.0
0.0
0.0
0.005027055740356445
0.0
0.0
0.0
0.0
0.0
0.0
0.0
0.0
0.0
0.006001949310302734
0.0
0.0
0.0
0.0
0.0
0.0
0.0
0.0
0.0
0.005000114440917969
0.0
0.0009992122650146484
0.0
0.0
0.0
0.0
0.0
0.0
0.0
0.004999637603759766
0.0
0.0
0.0
0.0
0.0
0.0
0.0
0.0
0.0
0.004997730255126953
0.0
0.0
0.0
0.0
0.0
0.0
0.0
0.0
0.0
0.004997968673706055
0.0
0.0
0.0
0.0
0.0
0.0
0.0
0.0
0.0
0.00599980354309082
0.0
0.0
0.0
0.0
0.0
0.0
0.0
0.0
0.0
0.004998207092285156
0.0
0.0
0.0
0.0
0.0
0.0
0.0
0.0
0.0
0.005003929138183594
0.0
0.0
0.0
0.0
0.0
0.0
0.0
0.0
0.0
0.0060002803802490234
0.0
0.0
0.0
0.0
0.0
0.0009989738464355469
0.0
0.0
0.0
0.0060002803802490234
0.0
0.0
0.0
0.0
0.0
0.0
0.0
0.0
0.0
0.0060007572174072266
0.0
0.0
0.0
0.0
0.0
0.0
0.0
0.0
0.0
0.005000591278076172
0.0
0.0
0.0
0.0
0.0
0.0
0.0
0.0
0.0
0.006001710891723633
0.0
0.0
0.0
0.0
0.0
0.0
0.0
0.0
0.0
0.004997968673706055
0.0
0.0
0.0
0.0
0.0
0.0
0.0
0.0
0.0
0.004998445510864258
0.0
0.0
0.0
0.0
0.0
0.0
0.0
0.0
0.0
0.00500035285949707
0.0
0.0
0.0
0.0
0.0
0.0
0.0
0.0
0.0
0.005000114440917969
0.0
0.0
0.0
0.0
0.0
0.0
0.0
0.0
0.0
0.005000114440917969
0.0
0.0
0.0
0.0
0.0
0.0
0.0
0.0
0.0
0.00499725341796875
0.0
0.0
0.0
0.0
0.0
0.0
0.0
0.0
0.0
0.005000591278076172
0.0
0.0
0.0
0.0
0.0
0.0
0.0
0.0
0.0
0.004999876022338867
0.0
0.0
0.0
0.0
0.0
0.0
0.0
0.0
0.0
0.0060002803802490234
0.0
0.0
0.0
0.0
0.0
0.0
0.0
0.0
0.0
0.006000518798828125
0.0
0.0
0.0
0.0
0.0
0.0
0.0
0.0
0.0
0.005973339080810547
0.0
0.0
0.0
0.0
0.0
0.0
0.0
0.0
0.0
0.00500035285949707
0.0
0.0
0.0
0.0
0.0
0.0
0.0
0.0
0.0
0.005001544952392578
0.0
0.0
0.0
0.0
0.0
0.0
0.0
0.0
0.0
0.00599980354309082
0.0
0.0
0.0
0.0
0.0
0.0
0.0
0.0
0.0
0.004999876022338867
0.0
0.0
0.0
0.0
0.0
0.0
0.0
0.0
0.0
0.004999876022338867
0.0010004043579101562
0.0
0.0
0.0
0.0
0.0
0.0
0.0
0.0
0.005001544952392578
0.0
0.0
0.0
0.0
0.0
0.0
0.0
0.0
0.0
0.004999876022338867
0.0
0.0
0.0
0.0
0.0
0.0
0.0
0.0
0.0
0.005999326705932617
0.0
0.0
0.0
0.0
0.0
0.0
0.0
0.0
0.0
0.005998134613037109
0.0
0.0
0.0
0.0
0.0
0.0
0.0
0.0
0.0
0.006000041961669922
0.0
0.0
0.0
0.0
0.0
0.0
0.0
0.0
0.0
0.004998207092285156
0.0
0.0
0.0
0.0
0.0
0.0
0.0
0.0
0.0
0.005002737045288086
0.0
0.0
0.0
0.0
0.0
0.0
0.0
0.0
0.0
0.0049991607666015625
0.0
0.0
0.0
0.0
0.0
0.0
0.0
0.0
0.0
0.005000114440917969
0.0
0.0
0.0
0.0
0.0
0.0
0.0
0.0
0.0
0.005000114440917969
0.0
0.0
0.0
0.0
0.0
0.0
0.0
0.0
0.0
0.0050029754638671875
0.0
0.0
0.0
0.0
0.0
0.0
0.0
0.0
0.0
0.006000518798828125
0.0
0.0
0.0
0.0
0.0
0.0
0.0
0.0
0.0
0.004999637603759766
0.0
0.0
0.0
0.0
0.0
0.0
0.0
0.0
0.0
0.004999876022338867
0.0
0.0
0.0
0.0
0.0
0.0
0.0
0.0
0.0
0.00599980354309082
0.0
0.0
0.0
0.0
0.0
0.0
0.0
0.0
0.0
0.00600123405456543
0.0
0.0
0.0
0.0
0.0
0.0
0.0
0.0
0.0
0.005000114440917969
0.0
0.0
0.0
0.0
0.0
0.0
0.0
0.0
0.0
0.0049974918365478516
0.0
0.0
0.0
0.0
0.0
0.0
0.0
0.0
0.0
0.006001710891723633
0.0
0.0
0.0
0.0
0.0
0.0
0.0
0.0
0.0
0.0050013065338134766
0.0
0.0
0.0
0.0
0.0
0.0
0.0
0.0
0.0
0.004999399185180664
0.0
0.0
0.0
0.0
0.0
0.0
0.0
0.0
0.0
0.006000041961669922
0.0
0.0
0.0
0.0
0.0
0.0
0.0
0.0
0.0
0.004999637603759766
0.0
0.0
0.0
0.0
0.0
0.0
0.0
0.0
0.0
0.006000041961669922
0.0
0.0
0.0
0.0
0.0
0.0
0.0
0.0
0.0
0.0049991607666015625
0.0
0.0
0.0
0.0
0.0
0.0
0.0
0.0
0.0
0.004999876022338867
0.0
0.0
0.0
0.0
0.0
0.0
0.0
0.0
0.0
0.00499725341796875
0.0
0.0
0.0
0.0
0.0
0.0
0.0
0.0
0.0
0.0059702396392822266
0.0
0.0
0.0
0.0
0.0
0.0
0.0
0.0
0.0
0.005002260208129883
0.0
0.0
0.0
0.0
0.0
0.0
0.0
0.0
0.0
0.004999876022338867
0.0
0.0
0.0
0.0
0.0
0.0
0.0
0.0
0.0
0.004999637603759766
0.0
0.0
0.0
0.0
0.0
0.0
0.0
0.0
0.0
0.007002115249633789
0.0
0.0
0.0
0.0
0.0
0.0
0.0
0.0
0.0
0.00600743293762207
0.0
0.0
0.0
0.0
0.0
0.0
0.0
0.0
0.0
0.005006313323974609
0.0
0.0
0.0
0.0
0.0
0.0
0.0
0.0
0.0
0.006033182144165039
0.0
0.0
0.0
0.0
0.0
0.0
0.0
0.0
0.0
0.005030632019042969
0.0
0.0
0.0
0.0
0.0
0.0
0.0
0.0
0.0
0.00699925422668457
0.0
0.0
0.0
0.0
0.0
0.0
0.0
0.0
0.0
0.006998538970947266
0.0
0.0
0.0
0.0
0.0
0.0
0.0
0.0
0.0
0.0050013065338134766
0.0
0.0
0.0
0.0
0.0
0.0
0.0
0.0
0.0
0.0060002803802490234
0.0
0.0
0.0
0.0
0.0
0.0
0.0
0.0
0.0
0.005002737045288086
0.0
0.0
0.0
0.0
0.0
0.0
0.0
0.0
0.0
0.004999637603759766
0.0
0.0
0.0
0.0
0.0
0.0
0.0
0.0
0.0
0.005001544952392578
0.0
0.0
0.0
0.0
0.0
0.0
0.0
0.0
0.0
0.00599980354309082
0.0
0.0
0.0
0.0
0.0
0.0
0.0
0.0
0.0
0.005001544952392578
0.0
0.0
0.0
0.0
0.0
0.0
0.0
0.0
0.0
0.005000114440917969
0.0
0.0
0.0
0.0
0.0
0.0
0.0
0.0
0.0
0.005998373031616211
0.0
0.0
0.0
0.0
0.0
0.0
0.0
0.0
0.0
0.004999637603759766
0.0
0.0
0.0
0.0
0.0
0.0
0.0
0.0
0.0
0.006000995635986328
0.0
0.0
0.0
0.0
0.0
0.0
0.0
0.0
0.0
0.00599980354309082
0.0
0.0
0.0
0.0
0.0
0.0
0.0
0.0
0.0
0.004999876022338867
0.0
0.0
0.0
0.0
0.0
0.0
0.0
0.0
0.0
0.005998849868774414
0.0
0.0
0.0
0.0
0.0
0.0
0.0
0.0
0.0
0.004999637603759766
0.0
0.0
0.0
0.0
0.0
0.0
0.0
0.0
0.0
0.006000995635986328
0.0
0.0
0.0
0.0
0.0
0.0
0.0
0.0
0.0
0.004999876022338867
0.0
0.0
0.0
0.0
0.0
0.0
0.0
0.0
0.0
0.0060007572174072266
0.0
0.0
0.0
0.0
0.0
0.0
0.0
0.0
0.0
0.004999637603759766
0.0
0.0
0.0
0.0
0.0
0.0
0.0
0.0
0.0
0.00500035285949707
0.0
0.0
0.0
0.0
0.0
0.0
0.0
0.0
0.0
0.004999876022338867
0.0
0.0
0.0
0.0
0.0
0.0
0.0
0.0
0.0
0.0049991607666015625
0.0
0.0
0.0
0.0
0.0
0.0
0.0
0.0
0.0
0.0059986114501953125
0.0
0.0
0.0
0.0
0.0
0.0
0.0
0.0
0.0
0.0060024261474609375
0.0
0.0
0.0
0.0
0.0
0.0
0.0
0.0
0.0
0.004973888397216797
0.0
0.0
0.0
0.0
0.0
0.0
0.0
0.0
0.0
0.005974769592285156
0.0
0.0
0.0
0.0
0.0
0.0
0.0
0.0
0.0
0.004968166351318359
0.0
0.0
0.0
0.0
0.0
0.0
0.0
0.0
0.0
0.004998445510864258
0.0
0.0
0.0
0.0
0.0
0.0
0.0
0.0
0.0
0.00500035285949707
0.0
0.0
0.0
0.0
0.0
0.0
0.0
0.0
0.0
0.004995107650756836
0.0
0.0
0.0
0.0
0.0
0.0
0.0
0.0
0.0
0.006000995635986328
0.0
0.0
0.0
0.0
0.0
0.0
0.0
0.0
0.0
0.005997657775878906
0.0
0.0
0.0
0.0
0.0
0.0
0.0
0.0
0.0
0.0060002803802490234
0.0
0.0
0.0
0.0
0.0
0.0
0.0
0.0
0.0
0.00599980354309082
0.0
0.0
0.0
0.0
0.0
0.0
0.0
0.0
0.0
0.006000041961669922
0.0
0.0
0.0
0.0
0.0
0.0
0.0
0.0
0.0
0.004998683929443359
0.0
0.00099945068359375
0.0
0.0
0.0
0.0
0.0
0.0
0.0
0.005000114440917969
0.0
0.0
0.0
0.0
0.0
0.0
0.0
0.0
0.0
0.00603175163269043
0.0
0.0
0.0
0.0
0.0
0.0
0.0
0.0
0.0
0.006000041961669922
0.0
0.0
0.0
0.0
0.0
0.0
0.0
0.0
0.0
0.004999876022338867
0.0
0.0
0.0
0.0
0.0
0.0
0.0
0.0
0.0
0.005999565124511719
0.0
0.0
0.0
0.0
0.0
0.0
0.0
0.0
0.0
0.004999399185180664
0.0
0.0
0.0
0.0
0.0
0.0
0.0
0.0
0.0
0.005997657775878906
0.0
0.0
0.0
0.0
0.0
0.0
0.0
0.0
0.0
0.005978107452392578
0.0
0.0
0.0
0.0
0.0
0.0
0.0
0.0
0.0
0.0049991607666015625
0.0
0.0
0.0
0.0
0.0
0.0
0.0
0.0
0.0
0.005998849868774414
0.0
0.0
0.0
0.0
0.0
0.0
0.0
0.0
0.0
0.004999637603759766
0.0
0.0
0.0
0.0
0.0
0.0
0.0
0.0
0.0
0.005999326705932617
0.0
0.0
0.0
0.0
0.0
0.0
0.0
0.0
0.0
0.004968404769897461
0.0
0.0
0.0
0.0
0.0
0.0
0.0
0.0
0.0
0.005001068115234375
0.0
0.0
0.0
0.0
0.0
0.0
0.0
0.0
0.0
0.005999326705932617
0.0
0.0
0.0
0.0
0.0
0.0
0.0
0.0
0.0
0.0060002803802490234
0.0
0.0
0.0
0.0
0.0
0.0
0.0
0.0
0.0
0.004999637603759766
0.0
0.0
0.0
0.0
0.0
0.0
0.0
0.0
0.0
0.006001949310302734
0.0
0.0
0.0
0.0
0.0
0.0
0.0
0.0
0.0
0.005025148391723633
0.0
0.0
0.0
0.0
0.0
0.0
0.0
0.0
0.0
0.005029439926147461
0.0
0.0
0.0
0.0
0.0
0.0
0.0
0.0
0.0
0.005001544952392578
0.0
0.0
0.0
0.0
0.0
0.0
0.0
0.0
0.0
0.0060002803802490234
0.0
0.0
0.0
0.0
0.0
0.0
0.0
0.0
0.0
0.004971504211425781
0.0
0.0
0.0
0.0
0.0
0.0
0.0
0.0
0.0
0.006001472473144531
0.0
0.0
0.0
0.0
0.0
0.0
0.0
0.0
0.0
0.005001068115234375
0.0
0.0
0.0
0.0
0.0
0.0
0.0
0.0
0.0
0.004999637603759766
0.0
0.0
0.0
0.0
0.0
0.0
0.0
0.0
0.0
0.005028486251831055
0.0
0.0
0.0
0.0
0.0
0.0
0.0
0.0
0.0
0.005002021789550781
0.0
0.0
0.0
0.0
0.0
0.0
0.0
0.0
0.0
0.005975246429443359
0.0
0.0
0.0
0.0
0.0
0.0
0.0
0.0
0.0
0.004969358444213867
0.0
0.0
0.0
0.0
0.0
0.0
0.0
0.0
0.0
0.005000114440917969
0.0
0.0
0.0
0.0
0.0
0.0
0.0
0.0
0.0
0.006000518798828125
0.0
0.0
0.0
0.0
0.0
0.0
0.0
0.0
0.0
0.004999637603759766
0.0
0.0
0.0
0.0
0.0
0.0
0.0
0.0
0.0
0.004997730255126953
0.0
0.0
0.0
0.0
0.0
0.0
0.0
0.0
0.0
0.0060002803802490234
0.0
0.0
0.0
0.0
0.0
0.0
0.0
0.0
0.0
0.0059964656829833984
0.0
0.0
0.0
0.0
0.0
0.0
0.0
0.0
0.0
0.004999876022338867
0.0
0.0
0.0
0.0
0.0
0.0
0.0
0.0
0.0
0.005995512008666992
0.0
0.0
0.0
0.0
0.0
0.0
0.0
0.0
0.0
0.006000995635986328
0.0
0.0
0.0
0.0
0.0
0.0
0.0
0.0
0.0
0.004999637603759766
0.0
0.0
0.0
0.0
0.0
0.0
0.0
0.0
0.0
0.006000995635986328
0.0
0.0
0.0
0.0
0.0
0.0
0.0
0.0
0.0
0.00503087043762207
0.0
0.0
0.0
0.0
0.0
0.0
0.0
0.0
0.0
0.005000114440917969
0.0
0.0
0.0
0.0
0.0
0.0
0.0
0.0
0.0
0.006000995635986328
0.0
0.0
0.0
0.0
0.0
0.0
0.0
0.0
0.0
0.006003856658935547
0.0
0.0
0.0
0.0
0.0
0.0
0.0
0.0
0.0
0.004999876022338867
0.0
0.0
0.0
0.0
0.0
0.0
0.0
0.0
0.0
0.004998922348022461
0.0
0.0
0.0
0.0
0.0
0.0
0.0
0.0
0.0
0.006000995635986328
0.0
0.0
0.0
0.0
0.0
0.0
0.0
0.0
0.0
0.004998683929443359
0.0
0.0
0.0
0.0
0.0
0.0
0.0
0.0
0.0
0.004999637603759766
0.0
0.0
0.0
0.0
0.0
0.0
0.0
0.0
0.0
0.005000591278076172
0.0
0.0
0.0
0.0
0.0
0.0
0.0
0.0
0.0
0.00499725341796875
0.0
0.0
0.0
0.0
0.0
0.0
0.0
0.0
0.0
0.004974842071533203
0.0
0.0
0.0
0.0
0.0
0.0
0.0
0.0
0.0
0.00600123405456543
0.0
0.0
0.0
0.0
0.0
0.0
0.0
0.0
0.0
0.005999326705932617
0.0
0.0
0.0
0.0
0.0
0.0
0.0
0.0
0.0
0.00500035285949707
0.0
0.0
0.0
0.0
0.0
0.0
0.0
0.0
0.0
0.004999637603759766
0.0
0.0
0.0
0.0
0.0
0.0
0.0
0.0
0.0
0.005999565124511719
0.0
0.0
0.0
0.0
0.0
0.0
0.0
0.0
0.0
0.004998445510864258
0.0
0.0
0.0
0.0
0.0
0.0
0.0
0.0
0.0
0.0050296783447265625
0.0
0.0
0.0
0.0
0.0
0.0
0.0
0.0
0.0
0.005028486251831055
0.0
0.0
0.0
0.0
0.0
0.0
0.0
0.0
0.0
0.004999876022338867
0.0
0.0
0.0
0.0
0.0
0.0
0.0
0.0
0.0
0.00600123405456543
0.0
0.0
0.0
0.0
0.0
0.0
0.0
0.0
0.0
0.0049991607666015625
0.0
0.0
0.0
0.0
0.0
0.0
0.0
0.0
0.0
0.005001068115234375
0.0
0.0
0.0
0.0
0.0
0.0
0.0
0.0
0.0
0.004999637603759766
0.0
0.0
0.0
0.0
0.0
0.0
0.0
0.0
0.0
0.004997730255126953
0.0
0.0
0.0
0.0
0.0
0.0
0.0
0.0
0.0
0.0061070919036865234
0.0
0.0
0.0
0.0
0.0
0.0
0.0
0.0
0.0
0.005001544952392578
0.0
0.0
0.0
0.0
0.0
0.0
0.0
0.0
0.0
0.005968570709228516
0.0
0.0
0.0
0.0
0.0
0.0
0.0
0.0
0.0
0.006009101867675781
0.0
0.0
0.0
0.0
0.0
0.0
0.0
0.0
0.0
0.004976511001586914
0.0
0.0
0.0
0.0
0.0
0.0
0.0
0.0
0.0
0.0050029754638671875
0.0
0.0
0.0
0.0
0.0
0.0
0.0
0.0
0.0
0.0049991607666015625
0.0
0.0
0.0
0.0
0.0
0.0
0.0
0.0
0.0
0.005999565124511719
0.0
0.0
0.0
0.0
0.0
0.0
0.0
0.0
0.0
0.006000995635986328
0.0
0.0
0.0
0.0
0.0
0.0
0.0
0.0
0.0
0.004975557327270508
0.0
0.0
0.0
0.0
0.0
0.0
0.0
0.0
0.0
0.006001949310302734
0.0
0.0
0.0
0.0
0.0
0.0
0.0
0.0
0.0
0.006000041961669922
0.0
0.0
0.0
0.0
0.0
0.0
0.0
0.0
0.0
0.005000591278076172
0.0
0.0
0.0
0.0
0.0
0.0
0.0
0.0
0.0
0.005024433135986328
0.0
0.0
0.0
0.0
0.0
0.0
0.0
0.0
0.0
0.006005048751831055
0.0
0.0
0.0
0.0
0.0
0.0
0.0
0.0
0.0
0.004973649978637695
0.0
0.0
0.0
0.0
0.0
0.0
0.0
0.0
0.0
0.004971027374267578
0.0
0.0
0.0
0.0
0.0
0.0
0.0
0.0
0.0
0.005969524383544922
0.0
0.0
0.0
0.0
0.0
0.0
0.0
0.0
0.0
0.006001949310302734
0.0
0.0
0.0
0.0
0.0
0.0
0.0
0.0
0.0
0.0050280094146728516
0.0
0.0
0.0
0.0
0.0
0.0
0.0
0.0
0.0
0.0049686431884765625
0.0
0.0
0.0
0.0
0.0
0.0
0.0
0.0
0.0
0.0050046443939208984
0.0
0.0
0.0
0.0
0.0
0.0
0.0
0.0
0.0
0.005000114440917969
0.0
0.0
0.0
0.0
0.0
0.0
0.0
0.0
0.0
0.0050334930419921875
0.0
0.0
0.0
0.0
0.0
0.0
0.0
0.0
0.0
0.005004167556762695
0.0
0.0
0.0
0.0
0.0
0.0
0.0
0.0
0.0
0.0060007572174072266
0.0
0.0
0.0
0.0
0.0
0.0
0.0
0.0
0.0
0.00600123405456543
0.0
0.0
0.0
0.0
0.0
0.0
0.0
0.0
0.0
0.00597691535949707
0.0
0.0
0.0
0.0
0.0
0.0
0.0
0.0
0.0
0.0049741268157958984
0.0
0.0
0.0
0.0
0.0
0.0
0.0
0.0
0.0
0.00599980354309082
0.0
0.0
0.0
0.0
0.0
0.0
0.0
0.0
0.0
0.004999637603759766
0.0
0.0
0.0
0.0
0.0
0.0
0.0
0.0
0.0
0.005029439926147461
0.0
0.0
0.0
0.0
0.0
0.0
0.0
0.0
0.0
0.005003690719604492
0.0
0.0
0.0
0.0
0.0
0.0
0.0
0.0
0.0
0.004968404769897461
0.0
0.0
0.0
0.0
0.0
0.0
0.0
0.0
0.0
0.005972385406494141
0.0
0.0
0.0
0.0
0.0
0.0
0.0
0.0
0.0
0.004998207092285156
0.0
0.0
0.0
0.0
0.0
0.0
0.0
0.0
0.0
0.005029439926147461
0.0
0.0
0.0
0.0
0.0
0.0
0.0
0.0
0.0
0.006005048751831055
0.0
0.0
0.0
0.0
0.0
0.0
0.0
0.0
0.0
0.005999088287353516
0.0
0.0
0.0
0.0
0.0
0.0
0.0
0.0
0.0
0.005005598068237305
0.0
0.0
0.0
0.0
0.0
0.0
0.0
0.0
0.0
0.005002021789550781
0.0
0.0
0.0
0.0
0.0
0.0
0.0
0.0
0.0
0.004972934722900391
0.0
0.0
0.0
0.0
0.0
0.0
0.0
0.0
0.0
0.00503087043762207
0.0
0.0
0.0
0.0
0.0
0.0
0.0
0.0
0.0
0.0059735774993896484
0.0
0.0
0.0
0.0
0.0
0.0
0.0
0.0
0.0
0.006030559539794922
0.0
0.0
0.0
0.0
0.0
0.0
0.0
0.0
0.0
0.0059967041015625
0.0
0.0
0.0
0.0
0.0
0.0
0.0
0.0
0.0
0.005999565124511719
0.0
0.0
0.0
0.0
0.0
0.0
0.0
0.0
0.0
0.005000114440917969
0.0
0.0
0.0
0.0
0.0
0.0
0.0
0.0
0.0
0.006001472473144531
0.0
0.0
0.0
0.0
0.0
0.0
0.0
0.0
0.0
0.006000041961669922
0.0
0.0
0.0
0.0
0.0
0.0
0.0
0.0
0.0
0.0060002803802490234
0.0
0.0
0.0
0.0
0.0
0.0
0.0
0.0
0.0
0.004999399185180664
0.0
0.0
0.0
0.0
0.0
0.0
0.0
0.0
0.0
0.005999565124511719
0.0
0.0
0.0
0.0
0.0
0.0
0.0
0.0
0.0
0.004999637603759766
0.0
0.0
0.0
0.0
0.0
0.0
0.0
0.0
0.0
0.004999876022338867
0.0
0.0
0.0
0.0
0.0
0.0
0.0
0.0
0.0
0.005002021789550781
0.0
0.0
0.0
0.0
0.0
0.0
0.0
0.0
0.0
0.006000041961669922
0.0
0.0
0.0
0.0
0.0
0.0
0.0
0.0
0.0
0.006001472473144531
0.0
0.0
0.0
0.0
0.0
0.0
0.0
0.0
0.0
0.006000518798828125
0.0
0.0
0.0
0.0
0.0
0.0
0.0
0.0
0.0
0.004998207092285156
0.0
0.0
0.0
0.0
0.0
0.0
0.0
0.0
0.0
0.0060007572174072266
0.0
0.0
0.0
0.0
0.0
0.0
0.0
0.0
0.0
0.004999876022338867
0.0
0.0
0.0
0.0
0.0
0.0
0.0
0.0
0.0
0.005998849868774414
0.0
0.0
0.0
0.0
0.0
0.0
0.0
0.0
0.0
0.00599980354309082
0.0
0.0
0.0
0.0
0.0
0.0
0.0
0.0
0.0
0.0060007572174072266
0.0
0.0
0.0
0.0
0.0
0.0
0.0
0.0
0.0
0.006031513214111328
0.0
0.0
0.0
0.0
0.0
0.0
0.0
0.0
0.0
0.006001472473144531
0.0
0.0
0.0
0.0
0.0
0.0
0.0
0.0
0.0
0.004999876022338867
0.0
0.0
0.0
0.0
0.0
0.0
0.0
0.0
0.0
0.0049974918365478516
0.0
0.0
0.0
0.0
0.0
0.0
0.0
0.0
0.0
0.004998683929443359
0.0
0.0
0.0
0.0
0.0
0.0
0.0
0.0
0.0
0.004999876022338867
0.0
0.0
0.0
0.0
0.0
0.0
0.0
0.0
0.0
0.005001544952392578
0.0
0.0
0.0
0.0
0.0
0.0
0.0
0.0
0.0
0.0049974918365478516
0.0
0.0
0.0
0.0
0.0
0.0
0.0
0.0
0.0
0.005999565124511719
0.0
0.0
0.0
0.0
0.0
0.0
0.0
0.0
0.0
0.004997730255126953
0.0
0.0
0.0
0.0
0.0
0.0
0.0
0.0
0.0
0.004998445510864258
0.0
0.0
0.0
0.0
0.0
0.0
0.0
0.0
0.0
0.004997730255126953
0.0
0.0
0.0
0.0
0.0
0.0
0.0
0.0
0.0
0.0050008296966552734
0.0
0.0
0.0
0.0
0.0
0.0
0.0
0.0
0.0
0.004998922348022461
0.0
0.0
0.0
0.0
0.0
0.0
0.0
0.0
0.0
0.004999637603759766
0.0009999275207519531
0.0
0.0
0.0
0.0
0.0
0.0
0.0
0.0
0.005997657775878906
0.0
0.0
0.0
0.0
0.0
0.0
0.0
0.0
0.0
0.006000518798828125
0.0
0.0
0.0
0.0
0.0
0.0
0.0
0.0
0.0
0.005999565124511719
0.0
0.0
0.0
0.0
0.0
0.0
0.0
0.0
0.0
0.004998683929443359
0.0
0.0
0.0
0.0
0.0
0.0
0.0
0.0
0.0
0.006000518798828125
0.0
0.0
0.0
0.0
0.0
0.0
0.0
0.0
0.0
0.006026506423950195
0.0
0.0
0.0
0.0
0.0
0.0
0.0
0.0
0.0
0.0050296783447265625
0.0
0.0
0.0
0.0
0.0
0.0
0.0
0.0
0.0
0.006030082702636719
0.0
0.0
0.0
0.0
0.0
0.0
0.0
0.0
0.0
0.005999326705932617
0.0
0.0
0.0
0.0
0.0
0.0
0.0
0.0
0.0
0.006000041961669922
0.0
0.0
0.0
0.0
0.0
0.0
0.0
0.0
0.0
0.005002260208129883
0.0
0.0
0.0
0.0
0.0
0.0
0.0
0.0
0.0
0.006000995635986328
0.0
0.0
0.0
0.0
0.0
0.0
0.0
0.0
0.0
0.006000995635986328
0.0
0.0
0.0
0.0
0.0
0.0
0.0
0.0
0.0
0.006003379821777344
0.0
0.0
0.0
0.0
0.0
0.0
0.0
0.0
0.0
0.005975246429443359
0.0
0.0
0.0
0.0
0.0
0.0
0.0
0.0
0.0
0.0049991607666015625
0.0
0.0
0.0
0.0
0.0
0.0
0.0
0.0
0.0
0.0060002803802490234
0.0
0.0
0.0
0.0
0.0
0.0
0.0
0.0
0.0
0.0050008296966552734
0.0
0.0
0.0
0.0
0.0
0.0
0.0
0.0
0.0
0.0050008296966552734
0.0
0.0
0.0
0.0
0.0
0.0
0.0
0.0
0.0
0.006002187728881836
0.0
0.0
0.0
0.0
0.0
0.0
0.0
0.0
0.0
0.00500178337097168
0.0
0.0
0.0
0.0
0.0
0.0
0.0
0.0
0.0
0.0060002803802490234
0.0
0.0
0.0
0.0
0.0
0.0
0.0
0.0
0.0
0.005998849868774414
0.0
0.0
0.0
0.0
0.0
0.0
0.0
0.0
0.0
0.006001710891723633
0.0
0.0
0.0
0.0
0.0
0.0
0.0
0.0
0.0
0.004999637603759766
0.0
0.0
0.0
0.0
0.0
0.0
0.0
0.0
0.0
0.005002498626708984
0.0
0.0
0.0
0.0
0.0
0.0
0.0
0.0
0.0
0.004998445510864258
0.0
0.0
0.0
0.0
0.0
0.0
0.0
0.0
0.0
0.006000041961669922
0.0
0.0
0.0
0.0
0.0
0.0
0.0
0.0
0.0
0.004999637603759766
0.0
0.0
0.0
0.0
0.0
0.0
0.0
0.0
0.0
0.0050008296966552734
0.0
0.0
0.0
0.0
0.0
0.0
0.0
0.0
0.0
0.00500035285949707
0.0
0.0
0.0
0.0
0.0
0.0
0.0
0.0
0.0
0.006000995635986328
0.0
0.0
0.0
0.0
0.0
0.0
0.0009992122650146484
0.0
0.0
0.005998849868774414
0.0
0.0
0.0
0.0
0.0
0.0
0.0
0.0
0.0
0.004998922348022461
0.0
0.0
0.0
0.0009984970092773438
0.0
0.0
0.0
0.0
0.0
0.006000995635986328
0.0
0.0
0.0
0.0
0.0
0.0
0.0
0.0
0.0
0.0049991607666015625
0.0
0.0
0.0
0.0
0.0
0.0
0.0
0.0
0.0
0.004999637603759766
0.0
0.0
0.0
0.0
0.0
0.0
0.0
0.0
0.0
0.006001472473144531
0.0
0.0
0.0
0.0
0.0
0.0
0.0
0.0
0.0
0.006000995635986328
0.0
0.0
0.0
0.0
0.0
0.0
0.0
0.0
0.0
0.005999088287353516
0.0
0.0
0.0
0.0
0.0
0.0
0.0
0.0
0.0
0.00599980354309082
0.0
0.0
0.0
0.0
0.0
0.0
0.0
0.0
0.0
0.004999876022338867
0.0
0.0
0.0
0.0
0.0
0.0
0.0
0.0
0.0
0.005000114440917969
0.0
0.0
0.0
0.0
0.0
0.0
0.0
0.0
0.0
0.004999637603759766
0.0
0.0
0.0
0.0
0.0
0.0
0.0
0.0
0.0
0.004995584487915039
0.0
0.0
0.0
0.0
0.0
0.0
0.0
0.0
0.0
0.005999088287353516
0.0
0.0
0.0
0.0
0.0
0.0
0.0
0.0
0.0
0.004999637603759766
0.0
0.0
0.0
0.0
0.0
0.0
0.0
0.0
0.0
0.0049991607666015625
0.0
0.0
0.0
0.0
0.0
0.0
0.0
0.0
0.0
0.005001068115234375
0.0
0.0
0.0
0.0
0.0
0.0
0.0
0.0
0.0
0.004999637603759766
0.0
0.0
0.0
0.0
0.0
0.0
0.0
0.0
0.0
0.004999637603759766
0.0
0.0
0.0
0.0
0.0
0.0
0.0
0.0
0.0
0.005000591278076172
0.0
0.0
0.0
0.0
0.0
0.0
0.0
0.0
0.0
0.0059969425201416016
0.0
0.0
0.0
0.0
0.0
0.0
0.0
0.0
0.0
0.004999876022338867
0.0
0.0
0.0
0.0
0.0
0.0
0.0
0.0
0.0
0.005000114440917969
0.0
0.0
0.0
0.0
0.0
0.0
0.0
0.0
0.0
0.005000114440917969
0.0
0.0
0.0
0.0
0.0
0.0
0.0
0.0
0.0
0.00500035285949707
0.0
0.0
0.0
0.0
0.0
0.0
0.0
0.0
0.0
0.004999876022338867
0.0
0.0
0.0
0.0
0.0
0.0
0.0
0.0
0.0
0.005998849868774414
0.0
0.0
0.0
0.0
0.0
0.0
0.0
0.0
0.0
0.004997730255126953
0.0
0.0
0.0
0.0
0.0
0.0
0.0
0.0
0.0
0.004999637603759766
0.0
0.0
0.0
0.0
0.0
0.0
0.0
0.0
0.0
0.0049991607666015625
0.0
0.0
0.0
0.0
0.0
0.0
0.0
0.0
0.0
0.006000518798828125
0.0
0.0
0.0
0.0
0.0
0.0
0.0
0.0
0.0
0.00500035285949707
0.0
0.0
0.0
0.0
0.0
0.0
0.0
0.0
0.0
0.0060007572174072266
0.0
0.0
0.0
0.0
0.0
0.0
0.0
0.0
0.0
0.006001472473144531
0.0
0.0
0.0
0.0
0.0
0.0
0.0
0.0
0.0
0.005001544952392578
0.0
0.0
0.0
0.0
0.0
0.0
0.0
0.0
0.0
0.0059986114501953125
0.0
0.0
0.0
0.0
0.0
0.0
0.0
0.0
0.0
0.005002260208129883
0.0
0.0
0.0
0.0
0.0
0.0
0.0
0.0
0.0
0.004999876022338867
0.0
0.0
0.0
0.0
0.0
0.0
0.0
0.0
0.0
0.00599980354309082
0.0
0.0
0.0
0.0
0.0
0.0
0.0
0.0
0.0
0.005998373031616211
0.0
0.0
0.0
0.0
0.0
0.0
0.0
0.0
0.0
0.004996538162231445
0.0
0.0
0.0
0.0
0.0
0.0
0.0
0.0
0.0
0.005999326705932617
0.0
0.0
0.0
0.0
0.0
0.0
0.0
0.0
0.0
0.007001161575317383
0.0
0.0
0.0
0.0
0.0
0.0
0.0
0.0
0.0
0.005030155181884766
0.0
0.0
0.0
0.0
0.0
0.0
0.0
0.0
0.0
0.006000041961669922
0.0
0.0
0.0
0.0
0.0
0.0
0.0
0.0
0.0
0.00600123405456543
0.0
0.0
0.0
0.0
0.0
0.0
0.0
0.0
0.0
0.006001472473144531
0.0
0.0
0.0
0.0
0.0
0.0
0.0
0.0
0.0
0.004999637603759766
0.0
0.0
0.0
0.0
0.0
0.0
0.0
0.0
0.0
0.00599980354309082
0.0
0.0
0.0
0.0
0.0
0.0
0.0
0.0
0.0
0.0049991607666015625
0.0
0.0
0.0
0.0
0.0
0.0
0.0
0.0
0.0
0.005998849868774414
0.0
0.0
0.0
0.0
0.0
0.0
0.0
0.0
0.0
0.004996299743652344
0.0
0.0
0.0
0.0
0.0
0.0
0.0
0.0
0.0
0.005029916763305664
0.0
0.0
0.0
0.0
0.0
0.0
0.0
0.0
0.0
0.006002187728881836
0.0
0.0
0.0
0.0
0.0
0.0
0.0
0.0
0.0
0.004999876022338867
0.0
0.0
0.0
0.0
0.0
0.0
0.0
0.0
0.0
0.005998849868774414
0.0
0.0
0.0
0.0
0.0
0.0
0.0
0.0
0.0
0.005999565124511719
0.0
0.0
0.0
0.0
0.0
0.0
0.0
0.0
0.0
0.006000041961669922
0.0
0.0
0.0
0.0
0.0
0.0
0.0
0.0
0.0
0.004999637603759766
0.0
0.0
0.0
0.0
0.0
0.0
0.0
0.0
0.0
0.006000518798828125
0.0
0.0
0.0
0.0
0.0
0.0
0.0
0.0
0.0
0.004998922348022461
0.0
0.0
0.0
0.0
0.0
0.0
0.0
0.0
0.0
0.006030559539794922
0.0
0.0
0.0
0.0
0.0
0.0
0.0
0.0
0.0
0.004999876022338867
0.0
0.0
0.0
0.0
0.0
0.0
0.0
0.0
0.0
0.005436420440673828
0.0
0.0009999275207519531
0.0
0.0
0.0
0.0
0.0
0.0
0.0
0.005031108856201172
0.0
0.0
0.0
0.0
0.0
0.0
0.0
0.0
0.0
0.0050013065338134766
0.0
0.0
0.0
0.0
0.0
0.0
0.0
0.0
0.0
0.006000041961669922
0.0
0.0
0.0
0.0
0.0
0.0
0.0
0.0
0.0
0.00599980354309082
0.0
0.0
0.0
0.0
0.0
0.0
0.0
0.0
0.0
0.005000591278076172
0.0
0.0
0.0
0.0
0.0
0.0
0.0
0.0
0.0
0.0049991607666015625
0.0
0.0
0.0
0.0
0.0
0.0
0.0
0.0
0.0
0.0049991607666015625
0.0
0.0
0.0
0.0
0.0
0.0
0.0
0.0
0.0
0.004998445510864258
0.0
0.0
0.0
0.0
0.0
0.0
0.0
0.0
0.0
0.005623579025268555
0.0
0.0
0.0
0.0
0.0
0.0
0.0
0.0
0.0
0.0060269832611083984
0.0
0.0
0.0
0.0
0.0
0.0
0.0
0.0
0.0
0.004997730255126953
0.0
0.0
0.0
0.0
0.0
0.0
0.0
0.0
0.0
0.004999399185180664
0.0
0.0
0.0
0.0
0.0
0.0
0.0
0.0
0.0
0.005000591278076172
0.0
0.0
0.0
0.0
0.0
0.0
0.0
0.0
0.0
0.005030632019042969
0.0
0.0
0.0
0.0
0.0
0.0
0.0
0.0
0.0
0.004999637603759766
0.0
0.0
0.0
0.0
0.0
0.0
0.0
0.0
0.0
0.006001949310302734
0.0
0.0
0.0
0.0
0.0
0.0
0.0
0.0
0.0
0.00599980354309082
0.0
0.0
0.0
0.0
0.0
0.0
0.0
0.0
0.0
0.004999876022338867
0.0
0.0
0.0
0.0
0.0
0.0
0.0
0.0
0.0
0.005002737045288086
0.0
0.0
0.0
0.0
0.0
0.0
0.0
0.0
0.0
0.0050008296966552734
0.0
0.0
0.0009987354278564453
0.0
0.0
0.0
0.0
0.0
0.0
0.005999565124511719
0.0
0.0
0.0
0.0
0.0
0.0
0.0
0.0
0.0
0.004999876022338867
0.0
0.0
0.0
0.0
0.0
0.0
0.0
0.0
0.0
0.004999876022338867
0.0
0.0
0.0
0.0
0.0
0.0
0.0
0.0
0.0
0.006001472473144531
0.0
0.0
0.0
0.0
0.0
0.0
0.0
0.0
0.0
0.004999637603759766
0.0
0.0
0.0
0.0
0.0
0.0
0.0
0.0
0.0
0.006000041961669922
0.0
0.0
0.0
0.0
0.0
0.0
0.0
0.0
0.0
0.006002664566040039
0.0
0.0
0.0
0.0
0.0
0.0
0.0
0.0
0.0
0.004998207092285156
0.0
0.0
0.0
0.0
0.0
0.0
0.0
0.0
0.0
0.0060007572174072266
0.0
0.0
0.0
0.0
0.0
0.0
0.0
0.0
0.0
0.006999015808105469
0.0
0.0
0.0
0.0
0.0
0.0
0.0
0.0
0.0
0.0049970149993896484
0.0
0.0
0.0
0.0
0.0
0.0
0.0
0.0
0.0
0.0060002803802490234
0.0
0.0
0.0
0.0
0.0
0.0
0.0
0.0
0.0
0.00600123405456543
0.0
0.0
0.0
0.0
0.0
0.0
0.0
0.0
0.0
0.004999637603759766
0.0
0.0
0.0
0.0
0.0
0.0
0.0
0.0
0.0
0.0050013065338134766
0.0
0.0
0.0
0.0
0.0
0.0
0.0
0.0
0.0
0.00500035285949707
0.0
0.0
0.0
0.0
0.0
0.0
0.0
0.0
0.0
0.005999565124511719
0.0
0.0
0.0
0.0
0.0
0.0
0.0
0.0
0.0
0.0050313472747802734
0.0
0.0
0.0
0.0
0.0
0.0
0.0
0.0
0.0
0.005028724670410156
0.0
0.0
0.0
0.0
0.0
0.0
0.0
0.0
0.0
0.004998922348022461
0.0
0.0
0.0
0.0
0.0
0.0
0.0
0.0
0.0
0.005006074905395508
0.0
0.0
0.0
0.0
0.0
0.0
0.0
0.0
0.0
0.00500178337097168
0.0
0.0
0.0
0.0
0.0
0.0
0.0
0.0
0.0
0.005033254623413086
0.0
0.0
0.0
0.0
0.0
0.0
0.0
0.0
0.0
0.005970478057861328
0.0
0.0
0.0
0.0
0.0
0.0
0.0
0.0
0.0
0.0050013065338134766
0.0
0.0
0.0
0.0
0.0
0.0
0.0
0.0
0.0
0.004996538162231445
0.0
0.0
0.0
0.0
0.0
0.0
0.0
0.0
0.0
0.0049974918365478516
0.0
0.0
0.0
0.0
0.0
0.0
0.0
0.0
0.0
0.00599980354309082
0.0
0.0
0.0
0.0
0.0
0.0
0.0
0.0
0.0
0.004971742630004883
0.0
0.0
0.0
0.0
0.0
0.0
0.0
0.0
0.0
0.005971431732177734
0.0
0.0
0.0
0.0
0.0
0.0
0.0
0.0
0.0
0.0050013065338134766
0.0
0.0
0.0
0.0
0.0
0.0
0.0
0.0
0.0
0.004998683929443359
0.0
0.0
0.0
0.0
0.0
0.0
0.0
0.0
0.0
0.0049991607666015625
0.0
0.0
0.0
0.0
0.0
0.0
0.0
0.0
0.0
0.006000041961669922
0.0
0.0
0.0
0.0
0.0
0.0
0.0
0.0
0.0
0.006000995635986328
0.0
0.0
0.0
0.0
0.0
0.0
0.0
0.0
0.0
0.005002021789550781
0.0
0.0
0.0
0.0
0.0
0.0
0.0
0.0
0.0
0.004997968673706055
0.0
0.0
0.0
0.0
0.0
0.0
0.0
0.0
0.0
0.006001949310302734
0.0
0.0
0.0
0.0
0.0
0.0
0.0
0.0
0.0
0.006000041961669922
0.0
0.0
0.0
0.0
0.0
0.0
0.0
0.0
0.0
0.005998849868774414
0.0
0.0
0.0
0.0
0.0
0.0
0.0
0.0
0.0
0.004998922348022461
0.0
0.0
0.0
0.0
0.0
0.0
0.0
0.0
0.0
0.006000518798828125
0.0
0.0
0.0
0.0
0.0
0.0
0.0
0.0
0.0
0.00599980354309082
0.0
0.0
0.0
0.0
0.0
0.0
0.0
0.0
0.0
0.006000995635986328
0.0
0.0
0.0
0.0
0.0
0.0
0.0
0.0
0.0
0.004999876022338867
0.0
0.0
0.0
0.0
0.0
0.0
0.0
0.0
0.0
0.004999399185180664
0.0
0.0
0.0
0.0
0.0
0.0
0.0
0.0
0.0
0.004998207092285156
0.0
0.0
0.0
0.0
0.0
0.0
0.0
0.0
0.0
0.006001710891723633
0.0
0.0
0.0
0.0
0.0
0.0
0.0
0.0
0.0
0.004998445510864258
0.0
0.0
0.0
0.0
0.0
0.0
0.0
0.0
0.0
0.00599980354309082
0.0
0.0
0.0
0.0
0.0
0.0
0.0
0.0
0.0
0.004999637603759766
0.0
0.0
0.0
0.0
0.0
0.0
0.0
0.0
0.0
0.004997730255126953
0.0
0.0
0.0
0.0
0.0
0.0
0.0010001659393310547
0.0
0.0
0.005000114440917969
0.0
0.0
0.0
0.0
0.0
0.0
0.0
0.0
0.0
0.0049991607666015625
0.0
0.0
0.0
0.0
0.0
0.0
0.0
0.0
0.0
0.006001949310302734
0.0
0.0
0.0
0.0
0.0
0.0
0.0
0.0
0.0
0.0049991607666015625
0.0
0.0
0.0
0.0
0.0
0.0
0.0
0.0
0.0
0.004997730255126953
0.0
0.0
0.0
0.0
0.0
0.0
0.0
0.0
0.0
0.004999399185180664
0.0
0.0
0.0
0.0
0.0
0.0
0.0
0.0
0.0
0.004999399185180664
0.0
0.0
0.0
0.0
0.0
0.0
0.0
0.0
0.0
0.006000518798828125
0.0
0.0
0.0
0.0
0.0
0.0
0.0
0.0
0.0
0.005000114440917969
0.0
0.0
0.0
0.0
0.0
0.0
0.0
0.0
0.0
0.0049991607666015625
0.0
0.0
0.0
0.0
0.0
0.0
0.0
0.0
0.0
0.004999399185180664
0.0
0.0
0.0
0.0
0.0
0.0
0.0
0.0
0.0
0.0049991607666015625
0.0
0.0
0.0
0.0
0.0
0.0
0.0
0.0
0.0
0.0060002803802490234
0.0
0.0
0.0
0.0
0.0
0.0
0.0
0.0
0.0
0.006000995635986328
0.0
0.0
0.0
0.0
0.0
0.0
0.0
0.0
0.0
0.006000041961669922
0.0
0.0
0.0
0.0
0.0
0.0
0.0
0.0
0.0
0.006000041961669922
0.0
0.0
0.0
0.0
0.0
0.0
0.0
0.0
0.0
0.004999399185180664
0.0
0.0
0.0
0.0
0.0
0.0
0.0
0.0
0.0
0.005998849868774414
