0.0
0.0
0.0
0.0
0.0
0.0
0.0
0.0
0.0
0.006001710891723633
0.0
0.0
0.0
0.0
0.0
0.0
0.0
0.0
0.0
0.004998922348022461
0.0
0.0
0.0
0.0
0.0
0.0
0.0
0.0
0.0
0.006000041961669922
0.0
0.0
0.0
0.0
0.0
0.0
0.0
0.0
0.0
0.004999399185180664
0.0
0.0
0.0
0.0
0.0
0.0
0.0
0.0
0.0
0.0050013065338134766
0.0
0.0
0.0
0.0
0.0
0.0
0.0
0.0
0.0
0.004998683929443359
0.0
0.0
0.0
0.0
0.0
0.0
0.0
0.0
0.0
0.005029916763305664
0.0
0.0
0.0
0.0
0.0
0.0
0.0
0.0
0.0
0.005994319915771484
0.0
0.0
0.0
0.0
0.0
0.0
0.0
0.0
0.0
0.004996538162231445
0.0
0.0
0.0
0.0
0.0
0.0
0.0
0.0
0.0
0.004998683929443359
0.0
0.0
0.0
0.0
0.0
0.0
0.0
0.0
0.0
0.005976200103759766
0.0
0.0
0.0
0.0
0.0
0.0
0.0
0.0
0.0
0.0050258636474609375
0.0
0.0
0.0
0.0
0.0
0.0
0.0
0.0
0.0
0.004999637603759766
0.0
0.0
0.0
0.0
0.0
0.0
0.0
0.0
0.0
0.00599980354309082
0.0
0.0
0.0
0.0
0.0
0.0
0.0
0.0
0.0
0.005999088287353516
0.0
0.0
0.0
0.0
0.0
0.0
0.0
0.0
0.0
0.006000041961669922
0.0
0.0
0.0
0.0
0.0
0.0
0.0
0.0
0.0
0.0049991607666015625
0.0
0.0
0.0
0.0
0.0
0.0
0.0
0.0
0.0
0.005998849868774414
0.0
0.0
0.0
0.0
0.0
0.0
0.0
0.0
0.0
0.004999876022338867
0.0
0.0
0.0
0.0
0.0
0.0
0.0
0.0
0.0
0.004998922348022461
0.0
0.0
0.0
0.0
0.0
0.0
0.0
0.0
0.0
0.005972862243652344
0.0
0.0
0.0
0.0
0.0
0.0
0.0
0.0
0.0
0.006000041961669922
0.0
0.0
0.0
0.0
0.0
0.0
0.0
0.0
0.0
0.004998922348022461
0.0
0.0
0.0
0.0
0.0
0.0
0.0
0.0
0.0
0.00500035285949707
0.0
0.0
0.0
0.0
0.0
0.0
0.0
0.0
0.0
0.005001068115234375
0.0
0.0
0.0
0.0
0.0
0.0
0.0
0.0
0.0
0.004999637603759766
0.0
0.0
0.0
0.0
0.0
0.0
0.0
0.0
0.0
0.00599980354309082
0.0
0.0
0.0
0.0
0.0
0.0
0.0
0.0
0.0
0.005000114440917969
0.0
0.0
0.0
0.0
0.0
0.0
0.0
0.0
0.0
0.004998207092285156
0.0
0.0
0.0
0.0
0.0
0.0
0.0
0.0
0.0
0.005002737045288086
0.0
0.0
0.0
0.0
0.0
0.0
0.0
0.0
0.0
0.005998849868774414
0.0
0.0
0.0
0.0
0.0
0.0
0.0
0.0
0.0
0.004999637603759766
0.0
0.0
0.0
0.0
0.0
0.0
0.0
0.0
0.0
0.004998922348022461
0.0
0.0
0.0
0.0
0.0
0.0
0.0
0.0
0.0
0.006002664566040039
0.0
0.0
0.0
0.0
0.0
0.0
0.0
0.0
0.0
0.005002260208129883
0.0
0.0
0.0
0.0
0.0
0.0
0.0
0.0
0.0
0.004996776580810547
0.0
0.0
0.0
0.0
0.0
0.0
0.0
0.0
0.0
0.004996061325073242
0.0
0.0
0.0
0.0
0.0
0.0
0.0
0.0
0.0
0.004998922348022461
0.0
0.0
0.0
0.0
0.0
0.0
0.0
0.0
0.0
0.004999637603759766
0.0
0.0
0.0
0.0
0.0
0.0
0.0
0.0
0.0
0.005999326705932617
0.0
0.0
0.0
0.0
0.0
0.0
0.0
0.0
0.0
0.004998922348022461
0.0
0.0
0.0
0.0
0.0
0.0
0.0
0.0
0.0
0.0049991607666015625
0.0
0.0
0.0
0.0
0.0
0.0
0.0
0.0
0.0
0.006000995635986328
0.0
0.0
0.0
0.0
0.0
0.0
0.0
0.0
0.0
0.0060002803802490234
0.0
0.0
0.0
0.0
0.0
0.0
0.0
0.0
0.0
0.004998445510864258
0.0
0.0
0.0
0.0
0.0
0.0
0.0
0.0
0.0
0.005002021789550781
0.0
0.0
0.0
0.0
0.0
0.0
0.0
0.0
0.0
0.004998922348022461
0.0
0.0
0.0
0.0
0.0
0.0
0.0
0.0
0.0
0.005998849868774414
0.0
0.0
0.0
0.0
0.0
0.0
0.0
0.0
0.0
0.0060002803802490234
0.0
0.0
0.0
0.0
0.0
0.0
0.0
0.0
0.0
0.00500035285949707
0.0
0.0
0.0
0.0
0.0
0.0
0.0
0.0
0.0
0.004999876022338867
0.0
0.0
0.0
0.0
0.0
0.0
0.0
0.0
0.0
0.0049991607666015625
0.0
0.0
0.0
0.0
0.0
0.0
0.0
0.0
0.0
0.004998207092285156
0.0
0.0
0.0
0.0
0.0
0.0
0.0
0.0
0.0
0.00500035285949707
0.0
0.0
0.0
0.0
0.0
0.0
0.0
0.0
0.0
0.006002664566040039
0.0
0.0
0.0
0.0
0.0
0.0
0.0
0.0
0.0
0.00499725341796875
0.0
0.0
0.0
0.0
0.0
0.0
0.0
0.0
0.0
0.006001710891723633
0.0
0.0
0.0
0.0
0.0
0.0
0.0
0.0
0.0
0.004998683929443359
0.0
0.0
0.0
0.0
0.0
0.0
0.0
0.0
0.0
0.00500178337097168
0.0
0.0
0.0
0.0
0.0
0.0
0.0
0.0
0.0
0.005000114440917969
0.0
0.0
0.0
0.0
0.0
0.0
0.0
0.0
0.0
0.0049991607666015625
0.0
0.0
0.0
0.0
0.0
0.0
0.0
0.0
0.0
0.006005525588989258
0.0
0.0
0.0
0.0
0.0
0.0
0.0
0.0
0.0
0.00500035285949707
0.0
0.0
0.0
0.0
0.0
0.0
0.0
0.0
0.0
0.005001544952392578
0.0
0.0
0.0
0.0
0.0
0.0
0.0
0.0
0.0
0.004999399185180664
0.0
0.0
0.0
0.0
0.0
0.0
0.0
0.0
0.0
0.004999637603759766
0.0
0.0
0.0
0.0
0.0
0.0
0.0
0.0
0.0
0.004997968673706055
0.0
0.0
0.0
0.0
0.0
0.0
0.0
0.0
0.0
0.00600433349609375
0.0
0.0
0.0
0.0
0.0
0.0
0.0
0.0
0.0
0.004999399185180664
0.0
0.0
0.0
0.0
0.0
0.0
0.0
0.0
0.0
0.0050008296966552734
0.0
0.0
0.0
0.0
0.0
0.0
0.0
0.0
0.0
0.006002664566040039
0.0
0.0
0.0
0.0
0.0
0.0
0.0
0.0
0.0
0.0050008296966552734
0.0
0.0
0.0
0.0
0.0
0.0
0.0
0.0
0.0
0.004999637603759766
0.0
0.0
0.0
0.0
0.0
0.0
0.0
0.0
0.0
0.004998683929443359
0.0
0.0
0.0
0.0
0.0
0.0
0.0
0.0
0.0
0.004999876022338867
0.0
0.0
0.0
0.0
0.0
0.0
0.0
0.0
0.0
0.006000041961669922
0.0
0.0
0.0
0.0
0.0
0.0
0.0
0.0
0.0
0.0040013790130615234
0.0
0.0
0.0
0.0
0.0
0.0
0.0
0.0
0.0
0.005000114440917969
0.0
0.0
0.0
0.0
0.0
0.0
0.0
0.0
0.0
0.0060002803802490234
0.0
0.0
0.0
0.0
0.0
0.0
0.0
0.0
0.0
0.005001544952392578
0.0
0.0
0.0
0.0
0.0
0.0
0.0
0.0
0.0
0.004998683929443359
0.0
0.0
0.0
0.0
0.0
0.0
0.0
0.0
0.0
0.006999492645263672
0.0
0.0
0.0
0.0
0.0
0.0
0.0
0.0
0.0
0.004999399185180664
0.0
0.0
0.0
0.0
0.0
0.0
0.0
0.0
0.0
0.006001949310302734
0.0
0.0
0.0
0.0
0.0
0.0
0.0
0.0
0.0
0.005998849868774414
0.0
0.0
0.0
0.0
0.0
0.0
0.0
0.0
0.0
0.0060007572174072266
0.0
0.0
0.0
0.0
0.0
0.0
0.0
0.0
0.0
0.0060002803802490234
0.0
0.0
0.0
0.0
0.0
0.0
0.0
0.0
0.0
0.005000591278076172
0.0
0.0
0.0
0.0
0.0
0.0
0.0
0.0
0.0
0.00500035285949707
0.0
0.0
0.0
0.0
0.0
0.0
0.0
0.0
0.0
0.004999399185180664
0.0
0.0
0.0
0.0
0.0
0.0
0.0
0.0
0.0
0.004000186920166016
0.0
0.0
0.0
0.0
0.0
0.0
0.0
0.0
0.0
0.005002260208129883
0.0
0.0
0.0
0.0
0.0
0.0
0.0
0.0
0.0
0.0050013065338134766
0.0
0.0
0.0
0.0
0.0
0.0
0.0
0.0
0.0
0.0060002803802490234
0.0
0.0
0.0
0.0
0.0
0.0
0.0
0.0
0.0
0.00500035285949707
0.0
0.0
0.0
0.0
0.0
0.0
0.0
0.0
0.0
0.005001544952392578
0.0
0.0
0.0
0.0
0.0
0.0
0.0
0.0
0.0
0.004999399185180664
0.0
0.0
0.0
0.0
0.0
0.0
0.0
0.0
0.0
0.0039997100830078125
0.0
0.0
0.0
0.0
0.0
0.0
0.0
0.0
0.0
0.00500035285949707
0.0
0.0
0.0
0.0
0.0
0.0
0.0
0.0
0.0
0.0049664974212646484
0.0
0.0
0.0
0.0
0.0
0.0
0.0
0.0
0.0
0.004999637603759766
0.0
0.0
0.0
0.0
0.0
0.0
0.0
0.0
0.0
0.0050008296966552734
0.0
0.0
0.0
0.0
0.0
0.0
0.0
0.0
0.0
0.004999399185180664
0.0
0.0
0.0
0.0
0.0
0.0
0.0
0.0
0.0
0.004999876022338867
0.0
0.0
0.0
0.0
0.0
0.0
0.0
0.0
0.0
0.0049991607666015625
0.0
0.0
0.0
0.0
0.0
0.0
0.0
0.0
0.0
0.006000995635986328
0.0
0.0
0.0
0.0
0.0
0.0
0.0
0.0
0.0
0.0049991607666015625
0.0
0.0
0.0
0.0
0.0
0.0
0.0
0.0
0.0
0.005000591278076172
0.0
0.0
0.0
0.0
0.0
0.0
0.0
0.0
0.0
0.005000114440917969
0.0
0.0
0.0
0.0
0.0
0.0
0.0
0.0
0.0
0.006001949310302734
0.0
0.0
0.0
0.0
0.0
0.0
0.0
0.0
0.0
0.004998207092285156
0.0
0.0
0.0
0.0
0.0
0.0
0.0
0.0
0.0
0.00499725341796875
0.0
0.0
0.0
0.0
0.0
0.0
0.0
0.0
0.0
0.005002021789550781
0.0
0.0
0.0
0.0
0.0
0.0
0.0
0.0
0.0
0.006000041961669922
0.0
0.0
0.0
0.0
0.0
0.0
0.0
0.0
0.0
0.004998683929443359
0.0
0.0
0.0
0.0
0.0
0.0
0.0
0.0
0.0
0.00500035285949707
0.0
0.0
0.0
0.0
0.0
0.0
0.0
0.0
0.0
0.004997968673706055
0.0
0.0
0.0
0.0
0.0
0.0
0.0
0.0
0.0
0.0050008296966552734
0.0
0.0
0.0
0.0
0.0
0.0
0.0
0.0
0.0
0.004999399185180664
0.0
0.0
0.0
0.0
0.0
0.0
0.0
0.0
0.0
0.005002498626708984
0.0
0.0
0.0009996891021728516
0.0
0.0
0.0
0.0
0.0
0.0
0.0049974918365478516
0.0
0.0
0.0
0.0
0.0
0.0
0.0
0.0
0.0
0.004999399185180664
0.0
0.0
0.0
0.0
0.0
0.0
0.0
0.0
0.0
0.0050008296966552734
0.0
0.0
0.0
0.0
0.0
0.0
0.0
0.0
0.0
0.00499725341796875
0.0
0.0
0.0
0.0
0.0
0.0
0.0
0.0
0.0
0.005031108856201172
0.0
0.0
0.0
0.0
0.0
0.0
0.0
0.0
0.0
0.006001710891723633
0.0
0.0
0.0
0.0
0.0
0.0
0.0
0.0
0.0
0.005028963088989258
0.0
0.0
0.0
0.0
0.0
0.0
0.0
0.0
0.0
0.00499725341796875
0.0
0.0
0.0
0.0
0.0
0.0
0.0
0.0
0.0
0.006002187728881836
0.0
0.0
0.0
0.0
0.0
0.0
0.0
0.0
0.0
0.005999565124511719
0.0
0.0
0.0
0.0
0.0
0.0
0.0
0.0
0.0
0.004999637603759766
0.0
0.0
0.0
0.0
0.0
0.0
0.0
0.0
0.0
0.006000518798828125
0.0
0.0
0.0
0.0
0.0
0.0
0.0
0.0
0.0
0.00599980354309082
0.0
0.0
0.0
0.0
0.0
0.0
0.0
0.0
0.0
0.006000518798828125
0.0
0.0
0.0
0.0
0.0
0.0
0.0
0.0
0.0
0.004999876022338867
0.0
0.0
0.0
0.0
0.0
0.0
0.0
0.0
0.0
0.004998922348022461
0.0
0.0
0.0
0.0
0.0
0.0
0.0
0.0
0.0
0.004998207092285156
0.0
0.0
0.0
0.0
0.0
0.0
0.0
0.0
0.0
0.004999876022338867
0.0
0.0
0.0
0.0
0.0
0.0
0.0
0.0
0.0
0.004999399185180664
0.0
0.0
0.0
0.0
0.0
0.0
0.0
0.0
0.0
0.004999637603759766
0.0
0.0
0.0
0.0
0.0
0.0
0.0
0.0
0.0
0.004998922348022461
0.0
0.0
0.0
0.0
0.0
0.0
0.0
0.0
0.0
0.0060002803802490234
0.0
0.0
0.0
0.0
0.0
0.0
0.0
0.0
0.0
0.004998683929443359
0.0
0.0
0.0
0.0
0.0
0.0
0.0
0.0
0.0
0.00600433349609375
0.0
0.0
0.0
0.0
0.0
0.0
0.0
0.0
0.0
0.004996299743652344
0.0
0.0
0.0
0.0
0.0
0.0
0.0
0.0
0.0
0.004997730255126953
0.0
0.0
0.0
0.0
0.0
0.0
0.0
0.0
0.0
0.00500035285949707
0.0
0.0
0.0
0.0
0.0
0.0
0.0
0.0
0.0
0.004997968673706055
0.0
0.0
0.0
0.0
0.0
0.0
0.0
0.0
0.0
0.005000114440917969
0.0
0.0
0.0
0.0
0.0
0.0
0.0
0.0
0.0
0.0049970149993896484
0.0
0.0
0.0
0.0
0.0
0.0
0.0
0.0
0.0
0.005001068115234375
0.0
0.0
0.0
0.0
0.0
0.0
0.0
0.0
0.0
0.004999876022338867
0.0
0.0
0.0
0.0
0.0
0.0
0.0
0.0
0.0
0.005999088287353516
0.0
0.0
0.0
0.0
0.0
0.0
0.0
0.0
0.0
0.007999897003173828
0.0
0.0
0.0
0.0
0.0
0.0
0.0
0.0
0.0
0.00699925422668457
0.0
0.0
0.0
0.0
0.0
0.0
0.0
0.0
0.0
0.00599980354309082
0.0
0.0
0.0
0.0
0.0
0.0
0.0
0.0
0.0
0.007001638412475586
0.0
0.0
0.0
0.0
0.0
0.0
0.0
0.0
0.0
0.005001068115234375
0.0
0.0
0.0
0.0
0.0
0.0
0.0
0.0
0.0
0.0049991607666015625
0.0
0.0
0.0
0.0
0.0
0.0
0.0
0.0
0.0
0.004999399185180664
0.0
0.0
0.0
0.0
0.0
0.0
0.0
0.0
0.0
0.005999326705932617
0.0
0.0
0.0
0.0
0.0
0.0
0.0
0.0
0.0
0.0049991607666015625
0.0
0.0
0.0
0.0
0.0
0.0
0.0
0.0
0.0
0.004999399185180664
0.0
0.0
0.0
0.0
0.0
0.0
0.0
0.0
0.0
0.004999399185180664
0.0
0.0
0.0
0.0
0.0
0.0
0.0
0.0
0.0
0.004998207092285156
0.0
0.0
0.0
0.0
0.0
0.0
0.0
0.0
0.0
0.006000995635986328
0.0
0.0
0.0
0.0
0.0
0.0
0.0
0.0
0.0
0.004999399185180664
0.0
0.0
0.0
0.0
0.0
0.0
0.0
0.0
0.0
0.0049991607666015625
0.0
0.0
0.0
0.0
0.0
0.0
0.0
0.0
0.0
0.006001472473144531
0.0
0.0
0.0
0.0
0.0
0.0
0.0
0.0
0.0
0.0049991607666015625
0.0
0.0
0.0
0.0
0.0
0.0
0.0
0.0
0.0
0.004998683929443359
0.0
0.0
0.0
0.0
0.0
0.0
0.0
0.0
0.0
0.004998445510864258
0.0
0.0
0.0
0.0
0.0
0.0
0.0
0.0
0.0
0.004999637603759766
0.0
0.0
0.0
0.0
0.0
0.0
0.0
0.0
0.0
0.0050008296966552734
0.0
0.0
0.0
0.0
0.0
0.0
0.0
0.0
0.0
0.004999399185180664
0.0
0.0
0.0
0.0
0.0
0.0
0.0
0.0
0.0
0.005999088287353516
0.0
0.0
0.0
0.0
0.0
0.0
0.0
0.0
0.0
0.005002260208129883
0.0
0.0
0.0
0.0
0.0
0.0
0.0
0.0
0.0
0.004998445510864258
0.0
0.0
0.0
0.0
0.0
0.0
0.0
0.0
0.0
0.005998373031616211
0.0
0.0
0.0
0.0
0.0
0.0
0.0
0.0
0.0
0.0050296783447265625
0.0
0.0
0.0
0.0
0.0
0.0
0.0
0.0
0.0
0.004999637603759766
0.0
0.0
0.0
0.0
0.0
0.0
0.0
0.0
0.0
0.0050046443939208984
0.0
0.0
0.0
0.0
0.0
0.0
0.0
0.0
0.0
0.004999876022338867
0.0
0.0
0.0
0.0
0.0
0.0
0.0
0.0
0.0
0.006000518798828125
0.0
0.0
0.0
0.0
0.0
0.0
0.0
0.0
0.0
0.005028963088989258
0.0
0.0
0.0
0.0
0.0
0.0
0.0
0.0
0.0
0.006000518798828125
0.0
0.0
0.0
0.0
0.0
0.0
0.0
0.0
0.0
0.004996538162231445
0.0
0.0
0.0
0.0
0.0
0.0
0.0
0.0
0.0
0.004971981048583984
0.0
0.0
0.0
0.0
0.0
0.0
0.0
0.0
0.0
0.005998134613037109
0.0
0.0
0.0
0.0
0.0
0.0
0.0
0.0
0.0
0.004999637603759766
0.0
0.0
0.0
0.0
0.0
0.0
0.0
0.0
0.0
0.005001544952392578
0.0
0.0
0.0
0.0
0.0
0.0
0.0
0.0
0.0
0.00599980354309082
0.0
0.0
0.0
0.0
0.0
0.0
0.0
0.0
0.0
0.004999399185180664
0.0
0.0
0.0
0.0
0.0
0.0
0.0
0.0
0.0
0.004998922348022461
0.0
0.0
0.0
0.0
0.0
0.0
0.0
0.0
0.0
0.004999876022338867
0.0
0.0
0.0
0.0
0.0
0.0
0.0
0.0
0.0
0.0059735774993896484
0.0
0.0
0.0
0.0
0.0
0.0
0.0
0.0
0.0
0.005002498626708984
0.0
0.0
0.0
0.0
0.0
0.0
0.0
0.0
0.0
0.005031108856201172
0.0
0.0
0.0
0.0
0.0
0.0
0.0
0.0
0.0
0.0050008296966552734
0.0
0.0
0.0
0.0
0.0
0.0
0.0
0.0
0.0
0.0059757232666015625
0.0
0.0
0.0
0.0
0.0
0.0
0.0
0.0
0.0
0.004969596862792969
0.0
0.0
0.0
0.0
0.0
0.0
0.0
0.0
0.0
0.005000114440917969
0.0
0.0
0.0
0.0
0.0
0.0
0.0
0.0
0.0
0.005998134613037109
0.0
0.0
0.0
0.0
0.0
0.0
0.0
0.0
0.0
0.0050046443939208984
0.0
0.0
0.0
0.0
0.0
0.0
0.0
0.0
0.0
0.004967212677001953
0.0
0.0
0.0
0.0
0.0
0.0
0.0
0.0
0.0
0.006030559539794922
0.0
0.0
0.0
0.0
0.0
0.0
0.0
0.0
0.0
0.0049741268157958984
0.0
0.0
0.0
0.0
0.0
0.0
0.0
0.0
0.0
0.005029201507568359
0.0
0.0
0.0
0.0
0.0
0.0
0.0
0.0
0.0
0.006001949310302734
0.0
0.0
0.0
0.0
0.0
0.0
0.0
0.0
0.0
0.005002021789550781
0.0
0.0
0.0
0.0
0.0
0.0
0.0
0.0
0.0
0.0050051212310791016
0.0
0.0
0.0
0.0
0.0
0.0
0.0
0.0
0.0
0.005997896194458008
0.0
0.0
0.0
0.0
0.0
0.0
0.0
0.0
0.0
0.005030393600463867
0.0
0.0
0.0
0.0
0.0
0.0
0.0
0.0
0.0
0.004997968673706055
0.0
0.0
0.0
0.0
0.0
0.0
0.0
0.0
0.0
0.0050296783447265625
0.0
0.0
0.0
0.0
0.0
0.0
0.0
0.0
0.0
0.005030155181884766
0.0
0.0
0.0
0.0
0.0
0.0
0.0
0.0
0.0
0.004998207092285156
0.0
0.0
0.0
0.0
0.0
0.0
0.0
0.0
0.0
0.00603032112121582
0.0
0.0
0.0
0.0
0.0
0.0
0.0
0.0
0.0
0.004999876022338867
0.0
0.0
0.0
0.0
0.0
0.0
0.0
0.0
0.0
0.004975080490112305
0.0
0.0
0.0
0.0
0.0
0.0
0.0
0.0
0.0
0.005000114440917969
0.0
0.0
0.0
0.0
0.0
0.0
0.0
0.0
0.0
0.004996538162231445
0.0
0.0010001659393310547
0.0
0.0
0.0
0.0
0.0
0.0
0.0
0.004999399185180664
0.0
0.0
0.0
0.0
0.0009996891021728516
0.0
0.0
0.0
0.0
0.004999637603759766
0.0
0.0
0.0
0.0
0.0
0.0
0.0
0.0
0.0
0.004998683929443359
0.0
0.0
0.0
0.0
0.0
0.0
0.0
0.0
0.0
0.005000591278076172
0.0
0.0
0.0
0.0
0.0
0.0
0.0
0.0
0.0
0.0049991607666015625
0.0
0.0
0.0
0.0
0.0
0.0
0.0
0.0
0.0
0.0050313472747802734
0.0
0.0
0.0
0.0
0.0
0.0
0.0
0.0
0.0
0.005858182907104492
0.0
0.0
0.0
0.0
0.0
0.0
0.0
0.0
0.0
0.006014585494995117
0.0
0.0
0.0
0.0
0.0
0.0
0.0
0.0
0.0
0.005029916763305664
0.0
0.0
0.0
0.0
0.0
0.0
0.0
0.0
0.0
0.00603032112121582
0.0
0.0
0.0
0.0
0.0
0.0
0.0
0.0
0.0
0.005000114440917969
0.0
0.0
0.0
0.0
0.0
0.0
0.0
0.0
0.0
0.004999876022338867
0.0
0.0
0.0
0.0
0.0
0.0
0.0
0.0
0.0
0.004999399185180664
0.0
0.0
0.0
0.0
0.0
0.0
0.0
0.0
0.0
0.007999420166015625
0.0
0.0
0.0
0.0
0.0
0.0
0.0
0.0
0.0
0.00700068473815918
0.0
0.0
0.0
0.0
0.0
0.0
0.0
0.0
0.0
0.006000995635986328
0.0
0.0
0.0
0.0
0.0
0.0
0.0
0.0
0.0
0.004998683929443359
0.0
0.0
0.0
0.0
0.0
0.0
0.0
0.0
0.0
0.005999565124511719
0.0
0.0
0.0
0.0
0.0
0.0
0.0
0.0
0.0
0.0049970149993896484
0.0
0.0
0.0
0.0
0.0
0.0
0.0
0.0
0.0
0.004999637603759766
0.0
0.0
0.0
0.0
0.0
0.0
0.0
0.0
0.0
0.004998683929443359
0.0
0.0
0.0
0.0
0.0
0.0
0.0
0.0
0.0
0.005001068115234375
0.0
0.0
0.0
0.0
0.0
0.0
0.0
0.0
0.0
0.004998922348022461
0.0
0.0
0.0
0.0
0.0
0.0
0.0
0.0
0.0
0.005997657775878906
0.0
0.0
0.0
0.0
0.0
0.0
0.0
0.0
0.0
0.005030155181884766
0.0
0.0
0.0
0.0
0.0
0.0
0.0
0.0
0.0
0.005030393600463867
0.0
0.0
0.0
0.0
0.0
0.0
0.0
0.0
0.0
0.005030155181884766
0.0
0.0
0.0
0.0
0.0
0.0
0.0
0.0
0.0
0.00600123405456543
0.0
0.0
0.0
0.0
0.0
0.0
0.0
0.0
0.0
0.005999088287353516
0.0
0.0
0.0
0.0
0.0
0.0
0.0
0.0
0.0
0.004998922348022461
0.0
0.0
0.0
0.0
0.0
0.0
0.0
0.0
0.0
0.006000518798828125
0.0
0.0
0.0
0.0
0.0
0.0
0.0
0.0
0.0
0.004997968673706055
0.0
0.0
0.0
0.0
0.0
0.0
0.0
0.0
0.0
0.005998373031616211
0.0
0.0
0.0
0.0
0.0
0.0
0.0
0.0
0.0
0.004997968673706055
0.0
0.0
0.0
0.0
0.0
0.0
0.0
0.0
0.0
0.0060007572174072266
0.0
0.0
0.0
0.0
0.0
0.0
0.0
0.0
0.0
0.003998517990112305
0.0
0.0
0.0
0.0
0.0
0.0
0.0
0.0
0.0
0.005997896194458008
0.0
0.0
0.0
0.0
0.0
0.0
0.0
0.0
0.0
0.004997968673706055
0.0
0.0
0.0
0.0
0.0
0.0
0.0
0.0
0.0
0.004999637603759766
0.0
0.0
0.0
0.0
0.0
0.0
0.0
0.0
0.0
0.004997730255126953
0.0
0.0
0.0
0.0
0.0
0.0
0.0
0.0
0.0
0.004998922348022461
0.0
0.0
0.0
0.0
0.0
0.0
0.0
0.0
0.0
0.005000114440917969
0.0
0.0
0.0
0.0
0.0
0.0
0.0
0.0
0.0
0.004999399185180664
0.0
0.0
0.0
0.0
0.0
0.0
0.0
0.0
0.0
0.00500178337097168
0.0
0.0
0.0
0.0
0.0
0.0
0.0
0.0
0.0
0.004999637603759766
0.0
0.0
0.0
0.0
0.0
0.0
0.0
0.0
0.0
0.004996538162231445
0.0
0.0
0.0
0.0
0.0
0.0
0.0
0.0
0.0
0.004999637603759766
0.0
0.0
0.0
0.0
0.0
0.0
0.0
0.0
0.0
0.004999876022338867
0.0
0.0
0.0
0.0
0.0
0.0
0.0
0.0
0.0
0.004996061325073242
0.0
0.0
0.0
0.0
0.0
0.0
0.0
0.0
0.0
0.005999565124511719
0.0
0.0
0.0
0.0
0.0
0.0
0.0
0.0
0.0
0.004998445510864258
0.0
0.0
0.0
0.0
0.0
0.0
0.0
0.0
0.0
0.0049991607666015625
0.0
0.0
0.0
0.0
0.0
0.0
0.0
0.0
0.0
0.004997730255126953
0.0
0.0
0.0
0.0
0.0
0.0
0.0
0.0
0.0
0.00599980354309082
0.0
0.0
0.0
0.0
0.0
0.0
0.0
0.0
0.0
0.00499725341796875
0.0
0.0
0.0
0.0
0.0
0.0
0.0
0.0
0.0
0.004997730255126953
0.0
0.0
0.0
0.0
0.0
0.0
0.0
0.0
0.0
0.0050008296966552734
0.0
0.0
0.0
0.0
0.0
0.0
0.0
0.0
0.0
0.005995750427246094
0.0
0.0
0.0
0.0
0.0
0.0
0.0
0.0
0.0
0.0070002079010009766
0.0
0.0
0.0
0.0
0.0
0.0
0.0
0.0
0.0
0.0049974918365478516
0.0
0.0
0.0
0.0
0.0
0.0
0.0
0.0
0.0
0.007001161575317383
0.0
0.0
0.0
0.0
0.0
0.0
0.0
0.0
0.0
0.00599980354309082
0.0
0.0
0.0
0.0
0.0
0.0
0.0
0.0
0.0
0.005003213882446289
0.0
0.0
0.0
0.0
0.0
0.0
0.0
0.0
0.0
0.0059986114501953125
0.0
0.0
0.0
0.0
0.0
0.0
0.0
0.0
0.0
0.006000041961669922
0.0009996891021728516
0.0
0.0
0.0
0.0
0.0
0.0
0.0
0.0
0.0049991607666015625
0.0
0.0
0.0
0.0
0.0
0.0
0.0
0.0
0.0
0.0060312747955322266
0.0
0.0
0.0
0.0
0.0
0.0
0.0
0.0
0.0
0.006028652191162109
0.0
0.0
0.0
0.0
0.0
0.0
0.0
0.0
0.0
0.0060002803802490234
0.0
0.0
0.0
0.0
0.0
0.0
0.0
0.0
0.0
0.0059986114501953125
0.0
0.0
0.0
0.0
0.0
0.0
0.0
0.0
0.0
0.005998373031616211
0.0
0.0
0.0
0.0
0.0
0.0
0.0
0.0
0.0
0.00499725341796875
0.0
0.0
0.0
0.0
0.0
0.0
0.0
0.0
0.0
0.005998849868774414
0.0
0.0
0.0
0.0
0.0
0.0
0.0
0.0
0.0
0.005000591278076172
0.0
0.0
0.0
0.0
0.0
0.0
0.0
0.0
0.0
0.005998373031616211
0.0
0.0
0.0
0.0
0.0
0.0
0.0
0.0
0.0
0.004999637603759766
0.0
0.0
0.0
0.0
0.0
0.0
0.0
0.0
0.0
0.004999876022338867
0.0
0.0
0.0
0.0
0.0
0.0
0.0
0.0
0.0
0.005000114440917969
0.0
0.0
0.0
0.0
0.0
0.0
0.0
0.0
0.0
0.005998373031616211
0.0
0.0
0.0
0.0
0.0
0.0
0.0
0.0
0.0
0.0060002803802490234
0.0
0.0
0.0
0.0
0.0
0.0
0.0
0.0
0.0
0.0060002803802490234
0.0
0.0
0.0
0.0
0.0
0.0
0.0
0.0
0.0
0.006999492645263672
0.0
0.0
0.0
0.0
0.0
0.0
0.0
0.0
0.0
0.004999399185180664
0.0
0.0
0.0
0.0
0.0
0.0
0.0
0.0
0.0
0.0049991607666015625
0.0
0.0
0.0
0.0
0.0
0.0
0.0
0.0
0.0
0.00500035285949707
0.0
0.0
0.0
0.0
0.0
0.0
0.0
0.0
0.0
0.004998683929443359
0.0
0.0
0.0
0.0
0.0
0.0
0.0
0.0
0.0
0.006000518798828125
0.0
0.0
0.0
0.0
0.0
0.0
0.0
0.0
0.0
0.005999088287353516
0.0
0.0
0.0
0.0
0.0
0.0
0.0
0.0
0.0
0.005999088287353516
0.0
0.0
0.0
0.0
0.0
0.0
0.0
0.0
0.0
0.004998922348022461
0.0
0.0
0.0
0.0
0.0
0.0
0.0
0.0
0.0
0.0049970149993896484
0.0
0.0
0.0
0.0
0.0
0.0
0.0
0.0
0.0
0.005999565124511719
0.0
0.0
0.0
0.0
0.0
0.0
0.0
0.0
0.0
0.005998134613037109
0.0
0.0
0.0
0.0
0.0
0.0
0.0
0.0
0.0
0.00500178337097168
0.0
0.0
0.0
0.0
0.0
0.0
0.0
0.0
0.0
0.0049991607666015625
0.0
0.0
0.0
0.0
0.0
0.0
0.0
0.0
0.0
0.004999637603759766
0.0
0.0
0.0
0.0
0.0
0.0
0.0
0.0
0.0
0.00600123405456543
0.0
0.0
0.0
0.0
0.0
0.0
0.0
0.0
0.0
0.0059986114501953125
0.0
0.0
0.0
0.0
0.0
0.0
0.0
0.0
0.0
0.006000995635986328
0.0
0.0
0.0
0.0
0.0
0.0
0.0
0.0
0.0
0.004997968673706055
0.0
0.0
0.0
0.0
0.0
0.0
0.0
0.0
0.0
0.005999088287353516
0.0
0.0
0.0
0.0
0.0
0.0
0.0
0.0
0.0
0.0049991607666015625
0.0
0.0
0.0
0.0
0.0
0.0
0.0
0.0
0.0
0.006000518798828125
0.0
0.0
0.0
0.0
0.0
0.0
0.0
0.0
0.0
0.0049991607666015625
0.0
0.0
0.0
0.0
0.0
0.0
0.0
0.0
0.0
0.0060002803802490234
0.0
0.0
0.0
0.0
0.0
0.0
0.0
0.0
0.0
0.005999326705932617
0.0
0.0
0.0
0.0
0.0
0.0
0.0
0.0
0.0
0.004998922348022461
0.0
0.0
0.0
0.0
0.0
0.0
0.0
0.0
0.0
0.005999088287353516
0.0
0.0
0.0
0.0
0.0
0.0
0.0
0.0
0.0
0.006000041961669922
0.0
0.0
0.0
0.0
0.0
0.0
0.0
0.0
0.0
0.014998912811279297
0.0
0.0
0.0
0.0
0.0
0.0
0.0
0.0
0.0
0.005001544952392578
0.0
0.0
0.0
0.0
0.0
0.0
0.0
0.0
0.0
0.00499725341796875
0.0
0.0
0.0
0.0
0.0
0.0
0.0
0.0
0.0
0.00500035285949707
0.0
0.0
0.0
0.0
0.0
0.0
0.0
0.0
0.0
0.004999637603759766
0.0
0.0
0.0
0.0
0.0
0.0
0.0
0.0
0.0
0.006001472473144531
0.0
0.0
0.0
0.0
0.0
0.0
0.0
0.0
0.0
0.005997896194458008
0.0
0.0
0.0
0.0
0.0
0.0
0.0
0.0
0.0
0.004999399185180664
0.0
0.0
0.0
0.0
0.0
0.0
0.0
0.0
0.0
0.006002664566040039
0.0
0.0
0.0
0.0
0.0
0.0
0.0
0.0
0.0
0.006005764007568359
0.0
0.0
0.0
0.0
0.0
0.0
0.0
0.0
0.0
0.0060002803802490234
0.0
0.0
0.0
0.0
0.0
0.0
0.0
0.0
0.0
0.004999876022338867
0.0
0.0
0.0
0.0
0.0
0.0
0.0
0.0
0.0
0.005998373031616211
0.0
0.0
0.0
0.0
0.0
0.0
0.0
0.0
0.0
0.004998683929443359
0.0
0.0
0.0
0.0
0.0
0.0
0.0
0.0
0.0
0.004999399185180664
0.0
0.0
0.0
0.0
0.0
0.0
0.0
0.0
0.0
0.005000114440917969
0.0
0.0
0.0
0.0
0.0
0.0
0.0
0.0
0.0
0.005998849868774414
0.0
0.0
0.0
0.0
0.0
0.0
0.0
0.0
0.0
0.004998207092285156
0.0
0.0
0.0
0.0
0.0
0.0
0.0
0.0
0.0
0.0069997310638427734
0.0
0.0
0.0
0.0
0.0
0.0
0.0
0.0
0.0
0.005999326705932617
0.0
0.0
0.0
0.0
0.0
0.0
0.0
0.0
0.0
0.0060002803802490234
0.0
0.0
0.0
0.0
0.0
0.0
0.0
0.0
0.0
0.0049991607666015625
0.0
0.0
0.0
0.0
0.0
0.0
0.0
0.0
0.0
0.004970073699951172
0.0
0.0
0.0
0.0
0.0
0.0
0.0
0.0
0.0
0.005997896194458008
0.0
0.0
0.0
0.0
0.0
0.0
0.0
0.0
0.0
0.005000114440917969
0.0
0.0
0.0
0.0
0.0
0.0
0.0
0.0
0.0
0.004998922348022461
0.0
0.0
0.0
0.0
0.0
0.0
0.0
0.0
0.0
0.0050013065338134766
0.0
0.0
0.0
0.0
0.0
0.0
0.0
0.0
0.0
0.006002187728881836
0.0
0.0
0.0
0.0
0.0
0.0
0.0
0.0
0.0
0.005002498626708984
0.0
0.0
0.0
0.0
0.0
0.0
0.0
0.0
0.0
0.004968166351318359
0.0
0.0
0.0
0.0
0.0
0.0
0.0009982585906982422
0.0
0.0
0.004999876022338867
0.0
0.0
0.0
0.0
0.0
0.0
0.0
0.0
0.0
0.004998445510864258
0.0
0.0
0.0
0.0
0.0
0.0
0.0
0.0
0.0
0.0050013065338134766
0.0
0.0
0.0
0.0
0.0
0.0
0.0
0.0
0.0
0.0049991607666015625
0.0
0.0
0.0
0.0
0.0
0.0
0.0
0.0
0.0
0.0060002803802490234
0.0
0.0
0.0
0.0
0.0
0.0
0.0
0.0
0.0
0.006001710891723633
0.0
0.0
0.0
0.0
0.0
0.0
0.0
0.0
0.0
0.005999565124511719
0.0
0.0
0.0
0.0
0.0
0.0
0.0
0.0
0.0
0.0050008296966552734
0.0
0.0
0.0
0.0
0.0
0.0
0.0
0.0
0.0
0.00599980354309082
0.0
0.0
0.0
0.0
0.0
0.0
0.0
0.0
0.0
0.006033658981323242
0.0
0.0
0.0
0.0
0.0
0.0
0.0
0.0
0.0
0.008000850677490234
0.0
0.0
0.0
0.0
0.0
0.0
0.0
0.0
0.0
0.004998445510864258
0.0
0.0
0.0
0.0
0.0
0.0
0.0
0.0
0.0
0.006001472473144531
0.0
0.0
0.0
0.0
0.0
0.0
0.0
0.0
0.0
0.004999637603759766
0.0
0.0
0.0
0.0
0.0
0.0
0.0
0.0
0.0
0.004996061325073242
0.0
0.0
0.0
0.0
0.0
0.0
0.0
0.0
0.0
0.004999876022338867
0.0
0.0
0.0
0.0
0.0
0.0
0.0
0.0
0.0
0.005999088287353516
0.0
0.0
0.0
0.0
0.0
0.0
0.0
0.0
0.0
0.005998134613037109
0.0
0.0
0.0
0.0
0.0
0.0
0.0
0.0
0.0
0.005000591278076172
0.0
0.0
0.0
0.0
0.0
0.0
0.0
0.0
0.0
0.00599980354309082
0.0
0.0
0.0
0.0
0.0
0.0
0.0
0.0
0.0
0.005001068115234375
0.0
0.0
0.0
0.0
0.0
0.0
0.0
0.0
0.0
0.006000041961669922
0.0
0.0
0.0
0.0
0.0
0.0
0.0
0.0
0.0
0.005004405975341797
0.0
0.0
0.0
0.0
0.0
0.0
0.0
0.0
0.0
0.005999088287353516
0.0
0.0
0.0
0.0
0.0
0.0
0.0
0.0
0.0
0.00500178337097168
0.0
0.0
0.0
0.0
0.0
0.0
0.0
0.0
0.0
0.006000995635986328
0.0
0.0
0.0
0.0
0.0
0.0
0.0
0.0
0.0
0.00599980354309082
0.0
0.0
0.0
0.0
0.0
0.0
0.0
0.0
0.0
0.005000591278076172
0.0
0.0
0.0
0.0
0.0
0.0
0.0
0.0
0.0
0.004999399185180664
0.0
0.0
0.0
0.0
0.0
0.0
0.0
0.0
0.0
0.0050008296966552734
0.0
0.0
0.0
0.0
0.0
0.0
0.0
0.0
0.0
0.004997730255126953
0.0
0.0
0.0
0.0
0.0
0.0
0.0
0.0
0.0
0.005000114440917969
0.0
0.0
0.0
0.0
0.0
0.0
0.0
0.0
0.0
0.004998922348022461
0.0
0.0
0.0
0.0
0.0
0.0
0.0
0.0
0.0
0.005998134613037109
0.0
0.0
0.0
0.0
0.0
0.0
0.0
0.0
0.0
0.0050013065338134766
0.0
0.0
0.0
0.0
0.0
0.0
0.0
0.0
0.0
0.0050013065338134766
0.0
0.0
0.0
0.0
0.0
0.0
0.0
0.0
0.0
0.004997730255126953
0.0
0.0
0.0
0.0
0.0
0.0
0.0
0.0
0.0
0.005975961685180664
0.0
0.0
0.0
0.0
0.0
0.0
0.0
0.0
0.0
0.006000518798828125
0.0
0.0
0.0
0.0
0.0
0.0
0.0
0.0
0.0
0.004999876022338867
0.0
0.0
0.0
0.0
0.0
0.0
0.0
0.0
0.0
0.006001710891723633
0.0
0.0
0.0
0.0
0.0
0.0
0.0
0.0
0.0
0.006000995635986328
0.0
0.0
0.0
0.0
0.0
0.0
0.0
0.0
0.0
0.004999399185180664
0.0
0.0
0.0
0.0
0.0
0.0
0.0
0.0
0.0
0.0050013065338134766
0.0
0.0
0.0
0.0
0.0
0.0
0.0
0.0
0.0
0.00600123405456543
0.0
0.0
0.0
0.0
0.0
0.0
0.0
0.0
0.0
0.006000041961669922
0.0
0.0
0.0
0.0
0.0
0.0
0.0
0.0
0.0
0.00599980354309082
0.0
0.0
0.0
0.0
0.0
0.0
0.0
0.0
0.0
0.004998922348022461
0.0
0.0
0.0
0.0
0.0
0.0
0.0
0.0
0.0
0.004999637603759766
0.0
0.0
0.0
0.0
0.0
0.0
0.0
0.0
0.0
0.00499725341796875
0.0
0.0
0.0
0.0
0.0
0.0
0.0
0.0
0.0
0.005002021789550781
0.0
0.0
0.0
0.0
0.0
0.0
0.0
0.0
0.0
0.0060002803802490234
0.0
0.0
0.0
0.0
0.0
0.0
0.0
0.0
0.0
0.006000041961669922
0.0
0.0
0.0
0.0
0.0
0.0
0.0
0.0
0.0
0.0049991607666015625
0.0
0.0
0.0
0.0
0.0
0.0
0.0
0.0
0.0
0.006000518798828125
0.0
0.0
0.0
0.0
0.0
0.0
0.0
0.0
0.0
0.00599980354309082
0.0
0.0
0.0
0.0
0.0
0.0
0.0
0.0
0.0
0.004999876022338867
0.0
0.0
0.0
0.0
0.0
0.0
0.0
0.0
0.0
0.005000591278076172
0.0
0.0
0.0
0.0
0.0
0.0
0.0
0.0
0.0
0.005000591278076172
0.0
0.0
0.0
0.0
0.0
0.0
0.0
0.0
0.0
0.006002664566040039
0.0
0.0
0.0
0.0
0.0
0.0
0.0
0.0
0.0
0.004996299743652344
0.0
0.0
0.0
0.0
0.0
0.0
0.0
0.0
0.0
0.004997730255126953
0.0
0.0
0.0
0.0
0.0
0.0
0.0
0.0
0.0
0.005999565124511719
0.0
0.0
0.0
0.0
0.0
0.0
0.0
0.0
0.0
0.007001638412475586
0.0
0.0
0.0
0.0
0.0
0.0
0.0
0.0
0.0
0.005000114440917969
0.0
0.0
0.0
0.0
0.0
0.0
0.0
0.0
0.0
0.004998922348022461
0.0
0.0
0.0
0.0
0.0
0.0
0.0
0.0
0.0
0.0060002803802490234
0.0
0.0
0.0
0.0
0.0
0.0
0.0
0.0
0.0
0.006001949310302734
0.0
0.0
0.0
0.0
0.0
0.0
0.0
0.0
0.0
0.00500035285949707
0.0
0.0
0.0
0.0
0.0
0.0
0.0
0.0
0.0
0.005000114440917969
0.0
0.0
0.0
0.0
0.0
0.0
0.0
0.0
0.0
0.0049991607666015625
0.0
0.0
0.0
0.0
0.0
0.0
0.0
0.0
0.0
0.004998922348022461
0.0
0.0
0.0
0.0
0.0
0.0
0.0
0.0
0.0
0.004999399185180664
0.0
0.0
0.0
0.0
0.0
0.0
0.0
0.0
0.0
0.005998134613037109
0.0
0.0
0.0
0.0
0.0
0.0
0.0
0.0
0.0
0.0060007572174072266
0.0
0.0
0.0
0.0
0.0
0.0
0.0
0.0
0.0
0.0060007572174072266
0.0
0.0
0.0
0.0
0.0
0.0
0.0
0.0
0.0
0.0050008296966552734
0.0
0.0
0.0
0.0
0.0
0.0
0.0
0.0
0.0
0.004998207092285156
0.0
0.0
0.0
0.0
0.0
0.0
0.0
0.0
0.0
0.004998207092285156
0.0
0.0
0.0
0.0
0.0
0.0009982585906982422
0.0
0.0
0.0
0.0060002803802490234
0.0
0.0
0.0
0.0
0.0
0.0
0.0
0.0
0.0
0.006001710891723633
0.0
0.0
0.0
0.0
0.0
0.0
0.0
0.0
0.0
0.0049974918365478516
0.0
0.0
0.0
0.0
0.0
0.0
0.0
0.0
0.0
0.006002187728881836
0.0
0.0
0.0
0.0
0.0
0.0
0.0
0.0
0.0
0.006000518798828125
0.0
0.0
0.0
0.0
0.0
0.0
0.0
0.0
0.0
0.006002664566040039
0.0
0.0
0.0
0.0
0.0
0.0
0.0
0.0
0.0
0.004996538162231445
0.0
0.0
0.0
0.0
0.0
0.0
0.0
0.0
0.0
0.005003929138183594
0.0
0.0
0.0
0.0
0.0
0.0
0.0
0.0
0.0
0.005999565124511719
0.0
0.0
0.0
0.0
0.0
0.0
0.0
0.0
0.0
0.005001068115234375
0.0
0.0
0.0
0.0
0.0
0.0
0.0
0.0
0.0
0.004997968673706055
0.0
0.0
0.0
0.0
0.0
0.0
0.0
0.0
0.0
0.0059969425201416016
0.0
0.0
0.0
0.0
0.0
0.0
0.0
0.0
0.0
0.006001472473144531
0.0
0.0
0.0
0.0
0.0
0.0
0.0
0.0
0.00099945068359375
0.004998922348022461
0.0
0.0
0.0
0.0
0.0
0.0
0.0
0.0
0.0
0.0060024261474609375
0.0
0.0
0.0
0.0
0.0
0.0
0.0
0.0
0.0
0.00499725341796875
0.0
0.0
0.0
0.0
0.0
0.0
0.0
0.0
0.0
0.005998849868774414
0.0
0.0
0.0
0.0
0.0
0.0
0.0
0.0
0.0
0.005999088287353516
0.0
0.0
0.0
0.0
0.0
0.0
0.0
0.0
0.0
0.005998849868774414
0.0
0.0
0.0
0.0
0.0
0.0
0.0
0.0
0.0
0.004999399185180664
0.0
0.0
0.0
0.0
0.0
0.0
0.0
0.0
0.0
0.005997180938720703
0.0
0.0
0.0
0.0
0.0
0.0
0.0
0.0
0.0
0.004999399185180664
0.0
0.0
0.0
0.0
0.0
0.0
0.0
0.0
0.0
0.006001472473144531
0.0
0.0
0.0
0.0
0.0
0.0
0.0
0.0
0.0
0.004998683929443359
0.0
0.0
0.0
0.0
0.0
0.0
0.0
0.0
0.0
0.0060002803802490234
0.0
0.0
0.0
0.0
0.0
0.0
0.0
0.0
0.0
0.004998922348022461
0.0
0.0
0.0
0.0
0.0
0.0
0.0
0.0
0.0
0.004999637603759766
0.0
0.0
0.001001596450805664
0.0
0.0
0.0
0.0
0.0
0.0
0.00500035285949707
0.0
0.0
0.0
0.0
0.0
0.0
0.0
0.0
0.0
0.00500035285949707
0.0
0.0
0.0
0.0
0.0
0.0
0.0
0.0
0.0
0.00599980354309082
0.0
0.0
0.0
0.0
0.0
0.0
0.0
0.0
0.0
0.004999637603759766
0.0
0.0
0.0
0.0
0.0
0.0
0.0
0.0
0.0
0.00500035285949707
0.0
0.0
0.0
0.0
0.0
0.0
0.0
0.0
0.0
0.004999637603759766
0.0
0.0
0.0
0.0
0.0
0.0
0.0
0.0
0.0
0.006001949310302734
0.0
0.0
0.0
0.0
0.0
0.0
0.0
0.0
0.0
0.005999088287353516
0.0
0.0
0.0
0.0
0.0
0.0
0.0
0.0
0.0
0.005998134613037109
0.0
0.0
0.0
0.0
0.0
0.0
0.0
0.0
0.0
0.006999492645263672
0.0
0.0
0.0
0.0
0.0
0.0
0.0
0.0
0.0
0.004998445510864258
0.0
0.0
0.0
0.0
0.0
0.0
0.0
0.0
0.0
0.00500178337097168
0.0
0.0
0.0
0.0
0.0
0.0
0.0
0.0
0.0
0.005000114440917969
0.0
0.0
0.0
0.0
0.0
0.0
0.0
0.0
0.0
0.0049991607666015625
0.0
0.0
0.0
0.0
0.0
0.0
0.0
0.0
0.0
0.005999088287353516
0.0
0.0
0.0
0.0
0.0
0.0
0.0
0.0
0.0
0.004993915557861328
0.0
0.0
0.0
0.0
0.0
0.0
0.0
0.0
0.0
0.005000114440917969
0.0
0.0
0.0
0.0
0.0
0.0
0.0
0.0
0.0
0.004998207092285156
0.0
0.0
0.0
0.0
0.0
0.0
0.0
0.0
0.0
0.004998922348022461
0.0
0.0
0.0
0.0
0.0
0.0
0.0
0.0
0.0
0.0060007572174072266
0.0
0.0
0.0
0.0
0.0
0.0
0.0
0.0
0.0
0.004999399185180664
0.0
0.0
0.0
0.0
0.0
0.0
0.0
0.0
0.0
0.0049974918365478516
0.0
0.0
0.0
0.0
0.0
0.0
0.0
0.0
0.0
0.005999565124511719
0.0
0.0
0.0
0.0
0.0
0.0
0.0
0.0
0.0
0.004998683929443359
0.0
0.0
0.0
0.0
0.0
0.0
0.0
0.0
0.0
0.0050008296966552734
0.0
0.0
0.0
0.0
0.0
0.0
0.0
0.0
0.0
0.0060002803802490234
0.0
0.0
0.0
0.0
0.0
0.0
0.0
0.0
0.0
0.004998683929443359
0.0
0.0
0.0
0.0
0.0
0.0
0.0
0.0
0.0
0.004998922348022461
0.0
0.0
0.0
0.0
0.0
0.0
0.0
0.0
0.0
0.006001472473144531
0.0
0.0
0.0
0.0
0.0
0.0
0.0
0.0
0.0
0.006001949310302734
0.0
0.0
0.0
0.0
0.0
0.0
0.0
0.0
0.0
0.004998922348022461
0.0
0.0
0.0
0.0
0.0
0.0
0.0
0.0
0.0
0.005003929138183594
0.0
0.0
0.0
0.0
0.0
0.0
0.0
0.0
0.0
0.0059967041015625
0.0
0.0
0.0
0.0
0.0
0.0
0.0
0.0
0.0
0.006001949310302734
0.0
0.0
0.0
0.0
0.0
0.0
0.0
0.0
0.0
0.005998849868774414
0.0
0.0
0.0
0.0
0.0
0.0
0.0
0.0
0.0
0.006000995635986328
0.0
0.0
0.0
0.0
0.0
0.0
0.0
0.0
0.0
0.006000518798828125
0.0
0.0
0.0
0.0
0.0
0.0
0.0
0.0
0.0
0.00500035285949707
0.0
0.0
0.0
0.0
0.0
0.0
0.0
0.0
0.0
0.004997730255126953
0.0
0.0
0.0
0.0
0.0
0.0
0.0
0.0
0.0
0.0050008296966552734
0.0
0.0
0.0
0.0
0.0
0.0
0.0
0.0
0.0
0.004999399185180664
0.0
0.0
0.0
0.0
0.0
0.0
0.0
0.0
0.0
0.004998922348022461
0.0
0.0
0.0
0.0
0.0
0.0
0.0
0.0
0.0
0.00500035285949707
0.0
0.0
0.0
0.0
0.0
0.0
0.0
0.0
0.0
0.006000041961669922
0.0
0.0
0.0
0.0
0.0
0.0
0.0
0.0
0.0
0.004998922348022461
0.0
0.0
0.0
0.0
0.0
0.0
0.0
0.0
0.0
0.004999876022338867
0.0
0.0
0.0
0.0
0.0
0.0
0.0
0.0
0.0
0.0049991607666015625
0.0
0.0
0.0
0.0
0.0
0.0
0.0
0.0
0.0
0.005997419357299805
0.0
0.0
0.0
0.0
0.0
0.0
0.0
0.0
0.0
0.004999637603759766
0.0
0.0
0.0
0.0
0.0
0.0
0.0
0.0
0.0
0.005999326705932617
0.0
0.0
0.0
0.0
0.0
0.0
0.0
0.0
0.0
0.004998922348022461
0.0
0.0
0.0
0.0
0.0
0.0
0.0
0.0
0.0
0.005998134613037109
0.0
0.0
0.0
0.0
0.0
0.0
0.0
0.0
0.0
0.004998207092285156
0.0
0.0
0.0
0.0
0.0
0.0
0.0
0.0
0.0
0.00599980354309082
0.0
0.0
0.0
0.0
0.0
0.0
0.0
0.0
0.0
0.005001068115234375
0.0
0.0
0.0
0.0
0.0
0.0
0.0
0.0
0.0
0.007997274398803711
0.0
0.0
0.0
0.0
0.0
0.0
0.0
0.0
0.0
0.004998207092285156
0.0
0.0
0.0
0.0
0.0
0.0
0.0
0.0
0.0
0.006000518798828125
0.0
0.0
0.0
0.0
0.0
0.0
0.0
0.0
0.0
0.004999399185180664
0.0
0.0
0.0
0.0
0.0
0.0
0.0
0.0
0.0
0.004999637603759766
0.0
0.0
0.0
0.0
0.0
0.0
0.0
0.0
0.0
0.0049991607666015625
0.0
0.0
0.0
0.0
0.0
0.0
0.0
0.0
0.0
0.006996631622314453
0.0
0.0
0.0
0.0
0.0
0.0
0.0
0.0
0.0
0.004998683929443359
0.0
0.0
0.0
0.0
0.0
0.0
0.0
0.0
0.0
0.0060007572174072266
0.0
0.0
0.0
0.0
0.0
0.0
0.0
0.0
0.0
0.005001068115234375
0.0
0.0
0.0
0.0
0.0
0.0
0.0
0.0
0.0
0.004998922348022461
0.0
0.0
0.0
0.0
0.0
0.0
0.0
0.0
0.0
0.006001710891723633
0.0
0.0
0.0
0.0
0.0
0.0
0.0
0.0
0.0
0.005003213882446289
0.0
0.0
0.0
0.0
0.0
0.0
0.0
0.0
0.0
0.00500941276550293
0.0
0.0
0.0
0.0
0.0
0.0
0.0
0.0
0.0
0.0050048828125
0.0
0.0
0.0
0.0
0.0
0.0
0.0
0.0
0.0
0.005020856857299805
0.0
0.0
0.0
0.0
0.0
0.0
0.0
0.0
0.0
0.005999326705932617
0.0
0.0
0.0
0.0
0.0
0.0
0.0
0.0
0.0
0.005001544952392578
0.0
0.0
0.0
0.0
0.0
0.0
0.0
0.0
0.0
0.004998922348022461
0.0
0.0
0.0
0.0
0.0
0.0
0.0
0.0
0.0
0.004997730255126953
0.0
0.0
0.0
0.0
0.0
0.0
0.0
0.0
0.0
0.005999326705932617
0.0
0.0
0.0
0.0
0.0
0.0
0.0
0.0
0.0
0.005034208297729492
0.0
0.0
0.0
0.0
0.0
0.0
0.0
0.0
0.0
0.0060312747955322266
0.0
0.0
0.0
0.0
0.0
0.0
0.0
0.0
0.0
0.005002498626708984
0.0
0.0
0.0
0.0
0.0
0.0
0.0
0.0
0.0
0.0050029754638671875
0.0
0.0
0.0
0.0
0.0
0.0
0.0
0.0
0.0
0.004973888397216797
0.0
0.0
0.0
0.0
0.0
0.0
0.0
0.0
0.0
0.00503087043762207
0.0
0.0
0.0
0.0
0.0
0.0
0.0
0.0
0.0
0.005023956298828125
0.0
0.0
0.0
0.0
0.0
0.0
0.0
0.0
0.0
0.00500178337097168
0.0
0.0
0.0
0.0
0.0
0.0
0.0
0.0
0.0
0.0060002803802490234
0.0
0.0
0.0
0.0
0.0
0.0
0.0
0.0
0.0
0.006000041961669922
0.0
0.0
0.0
0.0
0.0
0.0
0.0
0.0
0.0
0.0050241947174072266
0.0
0.0
0.0
0.0
0.0
0.0
0.0
0.0
0.0
0.0050013065338134766
0.0
0.0
0.0
0.0
0.0
0.0
0.0
0.0
0.0
0.00600123405456543
0.0
0.0
0.0
0.0
0.0
0.0
0.0
0.0
0.0
0.006001710891723633
0.0
0.0
0.0
0.0
0.0
0.0
0.0
0.0
0.0
0.0049970149993896484
0.0
0.0
0.0
0.0
0.0
0.0
0.0
0.0
0.0
0.00498509407043457
0.0
0.0
0.0
0.0
0.0
0.0
0.0
0.0
0.0
0.00600123405456543
0.0
0.0
0.0
0.0
0.0
0.0
0.0
0.0
0.0
0.004996776580810547
0.0
0.0
0.0
0.0
0.0
0.0
0.0
0.0
0.0
0.005001068115234375
0.0
0.0
0.0
0.0
0.0
0.0
0.0
0.0
0.0
0.00603032112121582
0.0
0.0
0.0
0.0
0.0
0.0
0.0
0.0
0.0
0.00597071647644043
0.0
0.0
0.0
0.0
0.0
0.0
0.0
0.0
0.0
0.005995512008666992
0.0
0.0
0.0
0.0
0.0
0.0
0.0
0.0
0.0
0.005028247833251953
0.0
0.0
0.0
0.0
0.0
0.0
0.0
0.0
0.0
0.005969524383544922
0.0
0.0
0.0
0.0
0.0
0.0
0.0
0.0
0.0
0.0050296783447265625
0.0
0.0
0.0
0.0
0.0
0.0
0.0
0.0
0.0
0.004998683929443359
0.0
0.0
0.0
0.0
0.0
0.0
0.0
0.0
0.0
0.005028247833251953
0.0
0.0
0.0
0.0
0.0
0.0
0.0
0.0
0.0
0.004998922348022461
0.0
0.0
0.0
0.0
0.0
0.0
0.0
0.0
0.0
0.004999399185180664
0.0
0.0
0.0
0.0
0.0
0.0
0.0
0.0
0.0
0.004997730255126953
0.0
0.0
0.0009992122650146484
0.0
0.0
0.0
0.0
0.0
0.0
0.0049991607666015625
0.0
0.0
0.0
0.0
0.0
0.0
0.0
0.0
0.0
0.006999969482421875
0.0
0.0
0.0
0.0
0.0
0.0
0.0
0.0
0.0
0.004999876022338867
0.0
0.0
0.0
0.0
0.0
0.0
0.0
0.0
0.0
0.005975961685180664
0.0
0.0
0.0
0.0
0.0
0.0
0.0
0.0
0.0
0.0049991607666015625
0.0
0.0
0.0
0.0
0.0
0.0
0.0
0.0
0.0
0.005029916763305664
0.0
0.0
0.0
0.0
0.0
0.0
0.0
0.0
0.0
0.0060117244720458984
0.0
0.0
0.0
0.0
0.0
0.0
0.0
0.0
0.0
0.0060007572174072266
0.0
0.0
0.0
0.0
0.0
0.0
0.0
0.0
0.0
0.006000995635986328
0.0
0.0
0.0
0.0
0.0
0.0
0.0
0.0
0.0
0.004999399185180664
0.0
0.0
0.0
0.0
0.0
0.0
0.0
0.0
0.0
0.005000591278076172
0.0
0.0
0.0
0.0
0.0
0.0
0.0
0.0
0.0
0.006000518798828125
0.0
0.0
0.0
0.0
0.0
0.0
0.0
0.0
0.0
0.005975961685180664
0.0
0.0
0.0
0.0
0.0
0.0
0.0
0.0
0.0
0.005970001220703125
0.0
0.0
0.0
0.0
0.0
0.0
0.0
0.0
0.0
0.005999565124511719
0.0
0.0
0.0
0.0
0.0
0.0
0.0
0.0
0.0
0.005997657775878906
0.0
0.0
0.0
0.0
0.0
0.0
0.0
0.0
0.0
0.004999399185180664
0.0
0.0
0.0
0.0
0.0
0.0
0.0
0.0
0.0
0.006000995635986328
0.0
0.0
0.0
0.0
0.0
0.0
0.0
0.0
0.0
0.005000591278076172
0.0
0.0
0.0
0.0
0.0
0.0
0.0
0.0
0.0
0.004998445510864258
0.0
0.0
0.0
0.0
0.0
0.0
0.0
0.0
0.0
0.005000591278076172
0.0
0.0
0.0
0.0
0.0
0.0
0.0
0.0
0.0
0.005002260208129883
0.0
0.0
0.0
0.0
0.0
0.0
0.0
0.0
0.0
0.005999326705932617
0.0
0.0
0.0
0.0
0.0
0.0
0.0
0.0
0.0
0.00500035285949707
0.0
0.0
0.0
0.0
0.0
0.0
0.0
0.0
0.0
0.004976511001586914
0.0
0.0
0.0
0.0
0.0
0.0
0.0
0.0
0.0
0.006000041961669922
0.0
0.0
0.0
0.0
0.0
0.0
0.0
0.0
0.0
0.006001472473144531
0.0
0.0
0.0
0.0
0.0
0.0
0.0
0.0
0.0
0.004996299743652344
0.001001596450805664
0.0
0.0
0.0
0.0
0.0
0.0
0.0
0.0
0.005002021789550781
0.0
0.0
0.0
0.0
0.0
0.0
0.0
0.0009987354278564453
0.0
0.0049741268157958984
0.0
0.0
0.0
0.0
0.0
0.0
0.0
0.0
0.0
0.005999088287353516
0.0
0.0
0.0
0.0
0.0
0.0
0.0
0.0
0.0
0.004995822906494141
0.0
0.0
0.0
0.0
0.0
0.0
0.0
0.0
0.0
0.00600123405456543
0.0
0.0
0.0
0.0
0.0
0.0
0.0
0.0
0.0
0.004999637603759766
0.0
0.0
0.0
0.0
0.0
0.0
0.0
0.0
0.0
0.004999876022338867
0.0
0.0
0.0
0.0
0.0
0.0
0.0
0.0
0.0
0.004998683929443359
0.0
0.0
0.0
0.0
0.0
0.0
0.0
0.0
0.0
0.004998922348022461
0.0
0.0
0.0
0.0
0.0
0.0
0.0
0.0
0.0
0.0049974918365478516
0.0
0.0
0.0
0.0
0.0
0.0
0.0
0.0
0.0
0.006001949310302734
0.0
0.0
0.0
0.0
0.0
0.0
0.0
0.0
0.0
0.004999637603759766
0.0
0.0
0.0
0.0
0.0
0.0
0.0
0.0
0.0
0.004997730255126953
0.0
0.0
0.0
0.0
0.0
0.0
0.0
0.0
0.0
0.005000591278076172
0.0
0.0
0.0
0.0
0.0
0.0
0.0
0.0
0.0
0.0050008296966552734
0.0
0.0
0.0
0.0
0.0
0.0
0.0
0.0
0.0
0.00599980354309082
0.0
0.0
0.0
0.0
0.0
0.0
0.0
0.0
0.0
0.0049970149993896484
0.0
0.0
0.0
0.0
0.0
0.0
0.0
0.0
0.0
0.00600123405456543
0.0
0.0
0.0
0.0
0.0
0.0
0.0
0.0
0.0
0.00500178337097168
0.0
0.0
0.0
0.0
0.0
0.0
0.0
0.0
0.0
0.00599980354309082
0.0
0.0
0.0
0.0
0.0
0.0
0.0
0.0
0.0
0.0049991607666015625
0.0
0.0
0.0
0.0
0.0
0.0
0.0
0.0
0.0
0.0049991607666015625
0.0
0.0
0.0
0.0
0.0
0.0
0.0
0.0
0.0
0.004999637603759766
0.0
0.0
0.0
0.0
0.0
0.0
0.0
0.0
0.0
0.005999565124511719
0.0
0.0
0.0
0.0
0.0
0.0
0.0
0.0
0.0
0.004999637603759766
0.0
0.0
0.0
0.0
0.0
0.0
0.0
0.0
0.0
0.004998922348022461
0.0
0.0
0.0
0.0
0.0
0.0
0.0
0.0
0.0
0.004997730255126953
0.0
0.0010023117065429688
0.0
0.0
0.0
0.0
0.0
0.0
0.0
0.005000114440917969
0.0
0.0
0.0
0.0
0.0
0.0
0.0
0.0
0.0
0.0060007572174072266
0.0
0.0
0.0
0.0
0.0
0.0
0.0
0.0
0.0
0.004999876022338867
0.0
0.0
0.0
0.0
0.0
0.0
0.0
0.0
0.0
0.006004810333251953
0.0
0.0
0.0
0.0
0.0
0.0
0.0
0.0
0.0
0.004999637603759766
0.0
0.0
0.0
0.0
0.0
0.0
0.0
0.0
0.0
0.006000041961669922
0.0
0.0
0.0
0.0
0.0
0.0
0.0
0.0
0.0
0.0049974918365478516
0.0
0.0
0.0
0.0
0.0
0.0
0.0
0.0
0.0
0.006000518798828125
0.0
0.0
0.0
0.0
0.0
0.0
0.0
0.0
0.0
0.0060002803802490234
0.0
0.0
0.0
0.0
0.0
0.0
0.0
0.0
0.0
0.005026340484619141
0.0
0.0
0.0
0.0
0.0
0.0
0.0
0.0
0.0
0.0060062408447265625
0.0
0.0
0.0
0.0
0.0
0.0
0.0
0.0
0.0
0.005976200103759766
0.0
0.0
0.0
0.0
0.0
0.0
0.0
0.0
0.0
0.005000591278076172
0.0
0.0
0.0
0.0
0.0
0.0
0.0
0.0
0.0
0.004998922348022461
0.0
0.0
0.0
0.0
0.0
0.0
0.0
0.0
0.0
0.005984306335449219
0.0
0.0009992122650146484
0.0
0.0
0.0
0.0
0.0
0.0
0.0
0.0050318241119384766
0.0
0.0
0.0
0.0
0.0
0.0
0.0
0.0
0.0
0.0060002803802490234
0.0
0.0
0.0
0.0
0.0
0.0
0.0
0.0
0.0
0.00500035285949707
0.0
0.0
0.0
0.0
0.0
0.0
0.0
0.0
0.0
0.005975008010864258
0.0
0.0
0.0
0.0
0.0
0.0
0.0
0.0
0.0
0.004970073699951172
0.0
0.0
0.0
0.0
0.0
0.0
0.0
0.0
0.0
0.004975318908691406
0.0
0.0
0.0
0.0
0.0
0.0
0.0
0.0
0.0
0.005002498626708984
0.0
0.0
0.0
0.0
0.0
0.0
0.0
0.0
0.0
0.0050296783447265625
0.0
0.0
0.0
0.0
0.0
0.0
0.0
0.0
0.0
0.005001544952392578
0.0
0.0
0.0
0.0
0.0
0.0
0.0
0.0
0.0
0.005028486251831055
0.0
0.0
0.0
0.0
0.0
0.0
0.0
0.0
0.0
0.004967689514160156
0.0
0.0
0.0
0.0
0.0
0.0
0.0
0.0
0.0
0.0060002803802490234
0.0
0.0
0.0
0.0
0.0
0.0
0.0
0.0
0.0
0.004999876022338867
0.0
0.0
0.0
0.0
0.0
0.0
0.0
0.0
0.0
0.006000995635986328
0.0
0.0
0.0
0.0
0.0
0.0
0.001003265380859375
0.0
0.0
0.0050008296966552734
0.0
0.0
0.0
0.0
0.0
0.0
0.0
0.0
0.0
0.005997657775878906
0.0
0.0
0.0
0.0
0.0
0.0
0.0
0.0
0.0
0.00500178337097168
0.0
0.0
0.0
0.0
0.0
0.0
0.0
0.0
0.0
0.00599980354309082
0.0
0.0
0.0
0.0
0.0
0.0
0.0
0.0
0.0
0.006000518798828125
0.0
0.0
0.0
0.0
0.0
0.0
0.0
0.0
0.0
0.00500035285949707
0.0
0.0
0.0
0.0
0.0
0.0
0.0
0.0
0.0
0.004999399185180664
0.0
0.0
0.0
0.0
0.0
0.0
0.0
0.0
0.0
0.005999565124511719
0.0
0.0
0.0
0.0
0.0
0.0
0.0
0.0
0.0
0.006000041961669922
0.0
0.0
0.0
0.0
0.0
0.0
0.0
0.0
0.0
0.006001472473144531
0.0
0.0
0.0
0.0
0.0
0.0
0.0
0.0
0.0
0.004998683929443359
0.0
0.0
0.0
0.0
0.0
0.0
0.0
0.0
0.0
0.00500035285949707
0.0
0.0
0.0
0.0
0.0
0.0
0.0
0.0
0.0
0.005000591278076172
0.0
0.0
0.0
0.0
0.0
0.0
0.0
0.0
0.0
0.005000591278076172
0.0
0.0
0.0
0.0
0.0
0.0
0.0
0.0
0.0
0.0059986114501953125
0.0
0.0
0.0
0.0
0.0
0.0
0.0
0.0
0.0
0.004998207092285156
0.0
0.0
0.0
0.0
0.0
0.0
0.0
0.0
0.0
0.004999876022338867
0.0
0.0
0.0
0.0
0.0
0.0
0.0
0.0
0.0
0.006000518798828125
0.0
0.0
0.0
0.0
0.0
0.0
0.0
0.0
0.0
0.004998445510864258
0.0
0.0
0.0
0.0
0.0
0.0
0.0
0.0
0.0
0.005002498626708984
0.0
0.0
0.0
0.0
0.0
0.0
0.0
0.0
0.0
0.0050008296966552734
0.0
0.0
0.0
0.0
0.0
0.0
0.0
0.0
0.0
0.005997419357299805
0.0
0.0
0.0
0.0
0.0
0.0
0.0
0.0
0.0
0.005001068115234375
0.0
0.0
0.0
0.0
0.0
0.0
0.0
0.0
0.0
0.004997968673706055
0.0
0.0
0.0
0.0
0.0
0.0
0.0
0.0
0.0
0.006001472473144531
0.0
0.0
0.0
0.0
0.0
0.0
0.0
0.0
0.0
0.006000995635986328
0.0
0.0
0.0
0.0
0.0
0.0
0.0
0.0
0.0
0.00500035285949707
0.0
0.0
0.0
0.0
0.0
0.0
0.0
0.0
0.0
0.005974769592285156
0.0
0.0
0.0
0.0
0.0
0.0
0.0
0.0
0.0
0.005996227264404297
0.0
0.0
0.0
0.0
0.0
0.0
0.0
0.0
0.0
0.005000114440917969
0.0
0.0
0.0
0.0
0.0
0.0
0.0
0.0
0.0
0.005973100662231445
0.0
0.0
0.0
0.0
0.0
0.0
0.0
0.0
0.0
0.005000591278076172
0.0
0.0
0.0
0.0
0.0
0.0
0.0
0.0
0.0
0.00500035285949707
0.0
0.0
0.0
0.0
0.0
0.0
0.0
0.0
0.0
0.005000591278076172
0.0
0.0
0.0
0.0
0.0
0.0
0.0
0.0
0.0
0.0049974918365478516
0.0
0.0
0.0
0.0
0.0
0.0
0.0
0.0
0.0
0.004999876022338867
0.0
0.0
0.0
0.0
0.0
0.0
0.0
0.0
0.0
0.005003213882446289
0.0
0.0
0.0
0.0
0.0
0.0
0.0
0.0
0.0
0.005000591278076172
0.0
0.0
0.0
0.0
0.0
0.0
0.0
0.0
0.0
0.004999637603759766
0.0
0.0
0.0
0.0
0.0
0.0
0.0
0.0
0.0
0.005000114440917969
0.0
0.0
0.0
0.0
0.0
0.0
0.0
0.0
0.0
0.004997730255126953
0.0
0.0
0.0
0.0
0.0
0.0
0.0
0.0
0.0
0.004999637603759766
0.0
0.0
0.0
0.0
0.0
0.0
0.0
0.0
0.0
0.004999876022338867
0.0
0.0
0.0
0.0
0.0
0.0
0.0
0.0
0.0
0.005999326705932617
0.0
0.0
0.0
0.0
0.0
0.0
0.0
0.0
0.0
0.006000041961669922
0.0
0.0
0.0
0.0
0.0
0.0
0.0
0.0
0.0
0.005999326705932617
0.0
0.0
0.0
0.0
0.0
0.0
0.0
0.0
0.0
0.006023883819580078
0.0
0.0
0.0
0.0
0.0
0.0
0.0
0.0
0.0
0.005977153778076172
0.0
0.0
0.0
0.0
0.0
0.0
0.0
0.0
0.0
0.00600123405456543
0.0
0.0
0.0
0.0
0.0
0.0
0.0
0.0
0.0
0.005000591278076172
0.0
0.0
0.0
0.0
0.0
0.0
0.0
0.0
0.0
0.0060007572174072266
0.0
0.0
0.0
0.0
0.0
0.0
0.0
0.0
0.0
0.0060002803802490234
0.0
0.0
0.0
0.0
0.0
0.0
0.0
0.0
0.0
0.00599980354309082
0.0
0.0
0.0
0.0
0.0
0.0
0.0
0.0
0.0
0.006000041961669922
0.0
0.0
0.0
0.0
0.0
0.0
0.0
0.0
0.0
0.0049991607666015625
0.0
0.0
0.0
0.0
0.0
0.0
0.0
0.0
0.0
0.005997657775878906
0.0
0.0
0.0
0.0
0.0
0.0
0.0
0.0
0.0
0.005999088287353516
0.0
0.0
0.0
0.0
0.0
0.0
0.0
0.0
0.0
0.0060024261474609375
0.0
0.0
0.0
0.0
0.0
0.0
0.0
0.0
0.0
0.0049991607666015625
0.0
0.0
0.0
0.0
0.0
0.0
0.0
0.0
0.0
0.006003141403198242
0.0
0.0
0.0
0.0
0.0
0.0
0.0
0.0
0.0
0.005999565124511719
0.0
0.0
0.0
0.0
0.0
0.0
0.0
0.0
0.0
0.004997968673706055
0.0
0.0
0.0
0.0
0.0
0.0
0.0
0.0
0.0
0.005001068115234375
0.0
0.0
0.0
0.0
0.0
0.0
0.0
0.0
0.0
0.004998683929443359
0.0
0.0
0.0
0.0
0.0
0.0
0.0
0.0
0.0
0.005999326705932617
0.0
0.0
0.0
0.0
0.0
0.0
0.0
0.0
0.0
0.006002902984619141
0.0
0.0
0.0
0.0
0.0
0.0
0.0
0.0
0.0
0.004999399185180664
0.0
0.0
0.0
0.0
0.0
0.0
0.0
0.0
0.0
0.0050008296966552734
0.0
0.0
0.0
0.0
0.0
0.0
0.0
0.0
0.0
0.004998445510864258
0.0
0.0
0.0
0.0
0.0
0.0
0.0
0.0
0.0
0.00500035285949707
0.0
0.0
0.0
0.0
0.0
0.0
0.0
0.0
0.0
0.006000518798828125
0.0
0.0
0.0
0.0
0.0
0.0
0.0
0.0
0.0
0.0059967041015625
0.0
0.0
0.0
0.0
0.0
0.0
0.0
0.0
0.0
0.0050067901611328125
0.0
0.0
0.0
0.0
0.0
0.0
0.0
0.0
0.0
0.006001710891723633
0.0
0.0
0.0
0.0
0.0
0.0
0.0
0.0
0.0
0.006996870040893555
0.0
0.0
0.0
0.0
0.0
0.0
0.0
0.0
0.0
0.0050048828125
0.0
0.0
0.0
0.0
0.0
0.0
0.0
0.0
0.0
0.005002021789550781
0.0
0.0
0.0
0.0
0.0
0.0
0.0
0.0
0.0
0.00500035285949707
0.0
0.0
0.0
0.0
0.0
0.0
0.0
0.0
0.0
0.006002187728881836
0.0
0.0
0.0
0.0
0.0
0.0
0.0
0.0
0.0
0.0059659481048583984
0.0
0.0
0.0
0.0
0.0
0.0
0.0
0.0
0.0
0.005975246429443359
0.0
0.0
0.0
0.0
0.0
0.0
0.0
0.0
0.0
0.0049703121185302734
0.0
0.0
0.0
0.0
0.0
0.0
0.0
0.0
0.0
0.005999088287353516
0.0
0.0
0.0
0.0
0.0
0.0
0.0
0.0
0.0
0.0059757232666015625
0.0
0.0
0.0
0.0
0.0
0.0
0.0
0.0
0.0
0.0060002803802490234
0.0
0.0
0.0
0.0
0.0
0.0
0.0
0.0
0.0
0.00500178337097168
0.0
0.0
0.0
0.0
0.0
0.0
0.0
0.0
0.0
0.005000114440917969
0.0
0.0
0.0
0.0
0.0
0.0
0.0
0.0
0.0
0.004999876022338867
0.0
0.0
0.0
0.0
0.0
0.0
0.0
0.0
0.0
0.005971193313598633
0.0
0.0
0.0
0.0
0.0
0.0
0.0
0.0
0.0
0.005002260208129883
0.0
0.0
0.0
0.0
0.0
0.0
0.0
0.0
0.0
0.005029439926147461
0.0
0.0
0.0
0.0
0.0
0.0
0.0
0.0
0.0
0.0059697628021240234
0.0
0.0
0.0
0.0
0.0
0.0
0.0
0.0
0.0
0.0059986114501953125
0.0
0.0
0.0
0.0
0.0
0.0
0.0
0.0
0.0
0.005028247833251953
0.0
0.0
0.0
0.0
0.0
0.0
0.0
0.0
0.0
0.006033182144165039
0.0
0.0
0.0
0.0
0.0
0.0
0.0
0.0
0.0
0.0060007572174072266
0.0
0.0
0.0
0.0
0.0
0.0
0.0
0.0
0.0
0.00599980354309082
0.0
0.0
0.0
0.0
0.0
0.0
0.0
0.0
0.0
0.005999088287353516
0.0
0.0
0.0
0.0
0.0
0.0
0.0
0.0
0.0
0.00599980354309082
0.0
0.0
0.0
0.0
0.0
0.0
0.0
0.0
0.0
0.0049970149993896484
0.0
0.0
0.0
0.0
0.0
0.0
0.0
0.0
0.0
0.005998849868774414
0.0
0.0
0.0
0.0
0.0
0.0
0.0
0.0
0.0
0.005998849868774414
0.0
0.0
0.0
0.0
0.0
0.0
0.0
0.0
0.0
0.006002187728881836
0.0
0.0
0.0
0.0
0.0
0.0
0.0
0.0
0.0
0.00500035285949707
0.0
0.0
0.0
0.0
0.0
0.0
0.0
0.0
0.0
0.005999565124511719
0.0
0.0
0.0
0.0
0.0
0.0
0.0
0.0
0.0
0.00600123405456543
0.0
0.0
0.0
0.0
0.0
0.0
0.0
0.0
0.0
0.004998922348022461
0.0
0.0
0.0
0.0
0.0
0.0
0.0
0.0
0.0
0.004998922348022461
0.0
0.0
0.0
0.0
0.0
0.0
0.0
0.0
0.0
0.006999492645263672
0.0
0.0
0.0
0.0
0.0
0.0
0.0
0.0
0.0
0.0050013065338134766
0.0
0.0
0.0
0.0
0.0
0.0
0.0
0.0
0.0
0.0050051212310791016
0.0
0.0
0.0
0.0
0.0
0.0
0.0
0.0
0.0
0.004999876022338867
0.0
0.0
0.0
0.0
0.0
0.0
0.0
0.0
0.0
0.004999637603759766
0.0
0.0
0.0
0.0
0.0
0.0
0.0
0.0
0.0
0.0050008296966552734
0.0
0.0
0.0
0.0
0.0
0.0
0.0
0.0
0.0
0.004996299743652344
0.0
0.0
0.0
0.0
0.0
0.0
0.0
0.0
0.0
0.004997968673706055
0.0
0.0
0.0
0.0
0.0
0.0
0.0
0.0
0.0
0.005001068115234375
0.0
0.0
0.0
0.0
0.0
0.0
0.0
0.0
0.0
0.004999637603759766
0.0
0.0
0.0
0.0
0.0
0.0
0.0
0.0
0.0
0.004999399185180664
0.0
0.0
0.0
0.0
0.0
0.0
0.0
0.0
0.0
0.00500035285949707
0.0
0.0
0.0
0.0
0.0
0.0
0.0
0.0
0.0
0.0050280094146728516
0.0
0.0
0.0
0.0
0.0
0.0
0.0
0.0
0.0
0.00600123405456543
0.0
0.0
0.0
0.0
0.0
0.0
0.0
0.0
0.0
0.0060007572174072266
0.0
0.0
0.0
0.0
0.0
0.0
0.0
0.0
0.0
0.005977630615234375
0.0
0.0
0.0
0.0
0.0
0.0
0.0
0.0
0.0
0.006001472473144531
0.0
0.0
0.0
0.0
0.0
0.0
0.0
0.0
0.0
0.006000041961669922
0.0
0.0
0.0
0.0
0.0
0.0
0.0
0.0
0.0
0.006000995635986328
0.0
0.0
0.0
0.0
0.0
0.0
0.0
0.0
0.0
0.005999088287353516
0.0
0.0
0.0
0.0
0.0
0.0
0.0
0.0
0.0
0.005995273590087891
0.0
0.0
0.0
0.0
0.0
0.0
0.0
0.0
0.0
0.0049991607666015625
0.0
0.0
0.0
0.0
0.0
0.0
0.0
0.0
0.0
0.0049991607666015625
0.0
0.0
0.0
0.0
0.0
0.0
0.0
0.0
0.0
0.005997419357299805
0.0
0.0
0.0
0.0
0.0
0.0
0.0
0.0
0.0
0.005999326705932617
0.0
0.0
0.0
0.0
0.0
0.0
0.0
0.0
0.0
0.004996061325073242
0.0
0.0
0.0
0.0
0.0
0.0
0.0
0.0
0.0
0.004999637603759766
0.0
0.0
0.0
0.0
0.0
0.0
0.0
0.0
0.0
0.00600123405456543
0.0
0.0
0.0
0.0
0.0
0.0
0.0
0.0
0.0
0.004999399185180664
0.0
0.0
0.0
0.0
0.0
0.0
0.0
0.0
0.0
0.004997968673706055
0.0
0.0
0.0
0.0
0.0
0.0
0.0
0.0
0.0
0.005998849868774414
0.0
0.0
0.0
0.0
0.0
0.0
0.0
0.0
0.0
0.004999876022338867
0.0
0.0
0.0
0.0
0.0
0.0
0.00099945068359375
0.0
0.0
0.004999637603759766
0.0
0.0
0.0
0.0
0.0
0.0
0.0
0.0
0.0
0.006998777389526367
