0.0
0.0
0.0
0.0
0.0
0.0
0.0
0.0
0.0
0.8150017261505127
0.0
0.0
0.0
0.0
0.0
0.0
0.0
0.0
0.0
0.7820014953613281
0.0
0.0
0.0
0.0
0.0
0.0
0.0
0.0
0.0
0.7480018138885498
0.0
0.0
0.0
0.0
0.0
0.0
0.0
0.0
0.0
0.7760016918182373
0.0
0.0
0.0
0.0
0.0
0.0
0.0
0.0
0.0
0.7900009155273438
0.0
0.0
0.0
0.0
0.0
0.0
0.0
0.0
0.0
0.7450013160705566
0.0
0.0
0.0
0.0
0.0
0.0
0.0
0.0
0.0
0.7660012245178223
0.0
0.0
0.0
0.0
0.0
0.0
0.0
0.0
0.0
0.8020009994506836
0.0
0.0
0.0
0.0
0.0
0.0
0.0
0.0
0.0
0.7750000953674316
0.0
0.0
0.0
0.0
0.0
0.0
0.0
0.0
0.0
0.8120007514953613
0.0
0.0
0.0
0.0
0.0
0.0
0.0
0.0
0.0
0.82900071144104
0.0
0.0
0.0
0.0
0.0
0.0
0.0
0.0
0.0
0.8000004291534424
0.0
0.0
0.0
0.0
0.0
0.0
0.0
0.0
0.0
0.7719998359680176
0.0
0.0
0.0
0.0
0.0
0.0
0.0
0.0
0.0
0.7799999713897705
0.0
0.0
0.0
0.0
0.0
0.0
0.0
0.0
0.0
0.784001350402832
0.0
0.0
0.0
0.0
0.0
0.0
0.0
0.0
0.0
0.7660021781921387
0.0
0.0
0.0
0.0
0.0
0.0
0.0
0.0
0.0
0.7480008602142334
0.0
0.0
0.0
0.0
0.0
0.0
0.0
0.0
0.0
0.7970016002655029
0.0
0.0
0.0
0.0
0.0
0.0
0.0
0.0
0.0
0.791003942489624
0.0
0.0
0.0
0.0
0.0
0.0
0.0
0.0
0.0
0.759000301361084
0.0
0.0
0.0
0.0
0.0
0.0
0.0
0.0
0.0
0.85500168800354
0.0
0.0
0.0
0.0
0.0
0.0
0.0
0.0
0.0
0.8320012092590332
0.0
0.0
0.0
0.0
0.0
0.0
0.0010023117065429688
0.0
0.0
0.8520026206970215
0.0
0.0
0.0
0.0
0.0
0.0
0.0
0.0
0.0
0.8089993000030518
0.0
0.0
0.0
0.0
0.0
0.0
0.0
0.0
0.0
0.8139996528625488
0.0
0.0
0.0
0.0
0.0
0.0
0.0
0.0
0.0
0.8530006408691406
0.0
0.0
0.0
0.0
0.0
0.0
0.0
0.0
0.0
0.7560019493103027
0.0
0.0
0.0
0.0
0.0
0.0
0.0
0.0
0.0
0.7590029239654541
0.0
0.0
0.0
0.0
0.0
0.0
0.0
0.0
0.0
0.7900018692016602
0.0
0.0
0.0
0.0
0.0
0.0010025501251220703
0.0
0.0
0.0
0.7560014724731445
0.0
0.0
0.0
0.0
0.0
0.0
0.0
0.0
0.0
0.7899999618530273
0.0
0.0
0.0
0.0
0.0
0.0
0.0
0.0
0.0
0.7890002727508545
0.0
0.0
0.0
0.0
0.0
0.0
0.0
0.0
0.0
0.7470037937164307
0.0
0.0
0.0
0.0
0.0
0.0
0.0
0.0
0.0
0.8090016841888428
0.0
0.0
0.0
0.0
0.0
0.0
0.0
0.0
0.0
0.8580002784729004
0.0
0.0
0.0
0.0
0.0
0.0
0.0
0.0
0.0
0.8269968032836914
0.0
0.0
0.0
0.0
0.0
0.0
0.0
0.0
0.0
0.8240013122558594
0.0
0.0
0.0
0.0
0.0
0.0
0.0
0.0
0.0
0.8130006790161133
0.0
0.0
0.0
0.0
0.0
0.0
0.0
0.0
0.0
0.7940008640289307
0.0
0.0
0.0
0.0
0.0
0.0
0.0
0.0
0.0
0.8090002536773682
0.0
0.0
0.0
0.0
0.0
0.0
0.0
0.0
0.0
0.7810025215148926
0.0
0.0
0.0
0.0
0.0
0.0
0.0
0.0
0.0
0.7839996814727783
0.0
0.0
0.0
0.0
0.0
0.0
0.0
0.0
0.0
0.7830023765563965
0.0
0.0
0.0
0.0
0.0
0.0
0.0
0.0
0.0
0.7579998970031738
0.0
0.0
0.0
0.0
0.0
0.0
0.0
0.0
0.0
0.7550020217895508
0.0
0.0
0.0
0.0
0.0
0.0
0.0
0.0
0.0
0.8020005226135254
0.0
0.0
0.0
0.0
0.0
0.0
0.0
0.0
0.0
0.7820017337799072
0.0
0.0
0.0
0.0
0.0
0.0
0.0
0.0
0.0
0.7710013389587402
0.0
0.0
0.0
0.0
0.0
0.0
0.0
0.0
0.0
0.8160009384155273
0.0
0.0
0.0
0.0
0.0
0.0
0.0
0.0
0.0
0.7870004177093506
0.0
0.0
0.0
0.0
0.0
0.0
0.0
0.0
0.0
0.7670004367828369
0.0
0.0
0.0
0.0
0.0
0.0
0.0
0.0
0.0
0.7890012264251709
0.0
0.0
0.0
0.0
0.0
0.0
0.0
0.0
0.0
0.7620000839233398
0.0
0.0
0.0
0.0
0.0
0.0
0.0
0.0
0.0
0.8080015182495117
0.0
0.0
0.0
0.0
0.0
0.0
0.0
0.0
0.0
0.8479998111724854
0.0
0.0
0.0
0.0
0.0
0.0
0.0
0.0
0.0
0.8100001811981201
0.0
0.0
0.0
0.0
0.0
0.0
0.0
0.0
0.0
0.8500003814697266
0.0
0.0
0.0
0.0
0.0
0.0
0.0
0.0
0.0
0.8510031700134277
0.0
0.0
0.0
0.0
0.0
0.0
0.0
0.0
0.0
0.8650014400482178
0.0
0.0
0.0
0.0
0.0
0.0
0.0
0.0
0.0
0.8259997367858887
0.0
0.0
0.0
0.0
0.0
0.0
0.0
0.0
0.0
0.9950017929077148
0.0
0.0
0.0
0.0
0.0
0.0
0.0
0.0
0.0
0.8650014400482178
0.0
0.0
0.0
0.0
0.0
0.0
0.0
0.0
0.0
0.8840000629425049
0.0
0.0
0.0
0.0
0.0
0.0
0.0
0.0
0.0
0.8210022449493408
0.0
0.0
0.0
0.0
0.0
0.0
0.0
0.0
0.0
0.8330011367797852
0.0
0.0
0.0
0.0
0.0
0.0
0.0
0.0
0.0
0.8180017471313477
0.0
0.0
0.0
0.0
0.0
0.0
0.0
0.0
0.0
0.8010008335113525
0.0
0.0
0.0
0.0
0.0
0.0
0.0
0.0
0.0
1.9489989280700684
0.0
0.0
0.0
0.0
0.0
0.0
0.0
0.0
0.0
1.0125112533569336
0.0
0.0
0.0
0.0
0.0
0.0
0.0
0.001001596450805664
0.0
1.1815142631530762
0.0
0.0
0.0
0.0
0.0
0.0
0.0
0.0
0.0
1.5400021076202393
0.0
0.0
0.0
0.0
0.0
0.0
0.0
0.0
0.0
1.429004430770874
0.0
0.0
0.0
0.0
0.0
0.0
0.0
0.0
0.0
1.1150009632110596
0.0
0.0
0.0
0.0
0.0
0.0
0.0
0.0
0.0
1.0629980564117432
0.0
0.0
0.0
0.0
0.0
0.0
0.0
0.0
0.0
1.0990016460418701
0.0
0.0
0.0
0.0
0.0
0.0
0.0
0.0
0.0
1.375002145767212
0.0
0.0
0.0
0.0
0.0
0.0
0.0
0.0
0.0
0.9159996509552002
0.0
0.0
0.0
0.0
0.0
0.0
0.0
0.0
0.0
0.8850035667419434
0.0
0.0
0.0
0.0
0.0
0.0
0.0
0.0
0.0
0.8550004959106445
0.0
0.0
0.0
0.0
0.0
0.0
0.0
0.0
0.0
0.859520435333252
0.0
0.0
0.0
0.0
0.0
0.0
0.0
0.0
0.0
0.8460030555725098
0.0
0.0
0.0
0.0
0.0
0.0
0.0
0.0
0.0
0.8190011978149414
0.0
0.0
0.0
0.0
0.0
0.0
0.0
0.0
0.0
0.9880020618438721
0.0
0.0
0.0
0.0
0.0
0.0
0.0
0.0
0.0
0.9570021629333496
0.0
0.0
0.0
0.0
0.0
0.0
0.0
0.0
0.0
1.1480050086975098
0.0
0.0
0.0
0.0
0.0
0.0
0.0
0.0
0.0
0.9690017700195312
0.0
0.0
0.0
0.0
0.0
0.0
0.0
0.0
0.0
0.8509995937347412
0.0
0.0
0.0
0.0
0.0
0.0
0.0
0.0
0.0
0.9390010833740234
0.0
0.0
0.0
0.0
0.0
0.0
0.0
0.0
0.0
0.8779990673065186
0.0
0.0
0.0
0.0
0.0
0.0
0.0
0.0
0.0
1.569000482559204
0.0
0.0
0.0
0.0
0.0
0.0
0.0
0.0
0.0
1.0920038223266602
0.0
0.0
0.0
0.0
0.0
0.0
0.0
0.0
0.0
0.8510003089904785
0.0
0.0
0.0
0.0
0.0
0.0
0.0
0.0
0.0
0.9140026569366455
0.0
0.0
0.0
0.0
0.0
0.0
0.0
0.0
0.0
0.9300000667572021
0.0
0.0
0.0
0.0
0.0
0.0
0.0
0.0
0.0
0.8929996490478516
0.0
0.0
0.0
0.0
0.0
0.0
0.0
0.0
0.0
0.963001012802124
0.0
0.0
0.0
0.0
0.0
0.0
0.0
0.0
0.0
0.9939990043640137
0.0
0.0
0.0
0.0
0.0
0.0
0.0
0.0
0.0
0.9670023918151855
0.0
0.0
0.0
0.0
0.0
0.0010001659393310547
0.0
0.0
0.0
0.8510010242462158
0.0
0.0
0.0
0.0
0.0
0.0
0.0
0.0
0.0
0.859001636505127
0.0
0.0
0.0
0.0
0.0
0.0
0.0
0.0
0.0
0.9080028533935547
0.0
0.0
0.0
0.0
0.0
0.0
0.0
0.0
0.0
0.9030013084411621
0.0
0.0
0.0
0.0
0.0
0.0
0.0
0.0
0.0
0.9340038299560547
0.0
0.0
0.0
0.0
0.0
0.0
0.0
0.0
0.0
0.9210009574890137
0.0
0.0
0.0
0.0
0.0
0.0
0.0
0.0
0.0
0.9600036144256592
0.0
0.0
0.0
0.0
0.0
0.0
0.0
0.0
0.0
0.9739997386932373
0.0
0.0
0.0
0.0
0.0
0.0
0.0
0.0
0.0
0.9439997673034668
0.0
0.0
0.0
0.0
0.0
0.0
0.0
0.0
0.0
0.9480009078979492
0.0
0.0
0.0
0.0
0.0
0.0
0.0
0.0
0.0
0.9549999237060547
0.0
0.0
0.0
0.0
0.0
0.0
0.0
0.0
0.0
0.9200007915496826
0.0
0.0
0.0
0.0
0.0
0.0
0.0
0.0
0.0
0.9539978504180908
0.0
0.0
0.0
0.0
0.0
0.0
0.0
0.0
0.0
0.9570000171661377
0.0
0.0
0.0
0.0
0.0
0.0
0.0
0.0
0.0
0.9910018444061279
0.0
0.0
0.0
0.0
0.0
0.0
0.0
0.0
0.0
0.8740029335021973
0.0
0.0
0.0010001659393310547
0.0
0.0
0.0
0.0
0.0
0.0
0.9020001888275146
0.0
0.0
0.0
0.0
0.0
0.0
0.0
0.0
0.0
0.8980002403259277
0.0
0.0
0.0
0.0
0.0
0.0
0.0
0.0
0.0
0.952000617980957
0.0
0.0
0.0
0.0
0.0
0.0
0.0
0.0
0.0
0.8480014801025391
0.0
0.0
0.0
0.0
0.0
0.0
0.0
0.0
0.0
0.8849999904632568
0.0
0.0
0.0
0.0
0.0
0.0
0.0
0.0
0.0
0.9849963188171387
0.0
0.0
0.0
0.0
0.0
0.0
0.0
0.0
0.0
1.028998613357544
0.0
0.0
0.0
0.0
0.0
0.0
0.0
0.0
0.0
0.834000825881958
0.0
0.0
0.0
0.0
0.0
0.0
0.0
0.0
0.0
0.969001293182373
0.0
0.0
0.0
0.0
0.0
0.0
0.0
0.0
0.0
0.8760004043579102
0.0
0.0
0.0
0.0
0.0
0.0
0.0
0.0
0.0
0.8670003414154053
0.0
0.0
0.0
0.0
0.0
0.0
0.0
0.0
0.0
0.8310012817382812
0.0
0.0
0.0
0.0
0.0
0.0
0.0
0.0
0.0
0.8909974098205566
0.0
0.0
0.0
0.0
0.0
0.0
0.0
0.0
0.0
0.9079992771148682
0.0
0.0
0.0
0.0
0.0
0.0
0.0
0.0
0.0
0.8500010967254639
0.0
0.0
0.0
0.0
0.0
0.0
0.0
0.0
0.0
0.8600037097930908
0.0
0.0
0.0
0.0
0.0
0.0
0.0
0.0
0.0
0.8880014419555664
0.0
0.0
0.0
0.0
0.0
0.0
0.0
0.0
0.0
0.8379995822906494
0.0
0.0
0.0
0.0
0.0
0.0
0.0010001659393310547
0.0
0.0
0.8580031394958496
0.0
0.0
0.0
0.0
0.0
0.0
0.0
0.0
0.0
0.887000560760498
0.0
0.0
0.0
0.0
0.0
0.0
0.0
0.0
0.0
0.8610026836395264
0.0
0.0
0.0
0.0
0.0
0.0
0.0
0.0
0.0
0.8440017700195312
0.0
0.0
0.0
0.0
0.0
0.0
0.0
0.0
0.0
0.886000394821167
0.0
0.0
0.0
0.0
0.0
0.0
0.0
0.0
0.0
0.8760020732879639
0.0
0.0
0.0
0.0
0.0
0.0
0.0
0.0
0.0
0.8470003604888916
0.0
0.0
0.0
0.0
0.0
0.0
0.0
0.0
0.0
0.8690025806427002
0.0
0.0
0.0
0.0
0.0
0.0
0.0
0.0
0.0
0.8689999580383301
0.0
0.0
0.0
0.0
0.0
0.0
0.0
0.0
0.0
0.8390004634857178
0.0
0.0
0.0
0.0
0.0
0.0
0.0
0.0
0.0
0.8389999866485596
0.0
0.0
0.0
0.0
0.0
0.0
0.0
0.0
0.0
0.8790016174316406
0.0
0.0
0.0
0.0
0.0
0.0
0.0
0.0
0.0
0.8550024032592773
0.0
0.0
0.0
0.0
0.0
0.0
0.0
0.0
0.0
0.8380002975463867
0.0
0.0
0.0
0.0
0.0
0.0
0.0
0.0
0.0
0.8780026435852051
0.0
0.0
0.0
0.0
0.0
0.0
0.0
0.0
0.0
0.8840017318725586
0.0
0.0
0.0
0.0
0.0
0.0
0.0
0.0
0.0
0.8420014381408691
0.0
0.0
0.0
0.0
0.0
0.0
0.0
0.0
0.0
0.8559958934783936
0.0
0.0
0.0
0.0
0.0
0.0
0.0
0.0
0.0
0.8770029544830322
0.0
0.0
0.0
0.0
0.0
0.0
0.0
0.0
0.0
0.8410007953643799
0.0
0.0
0.0
0.0
0.0
0.0
0.0
0.0
0.0
0.8450024127960205
0.0
0.0
0.0
0.0
0.0
0.0
0.0
0.0
0.0
0.8730003833770752
0.0
0.0
0.0
0.0
0.0
0.0
0.0
0.0
0.0
0.8660016059875488
0.0
0.0
0.0
0.0
0.0
0.0
0.0
0.0
0.0
0.8300011157989502
0.0
0.0
0.0
0.0
0.0
0.0
0.0
0.0
0.0
0.8710005283355713
0.0
0.0
0.0
0.0
0.0
0.0
0.0
0.0
0.0
0.870002269744873
0.0
0.0
0.0
0.0
0.0
0.0
0.0
0.0
0.0
0.8720006942749023
0.0
0.0
0.0
0.0
0.0
0.0
0.0
0.0
0.0
0.8439993858337402
0.0
0.0
0.0
0.0
0.0
0.0
0.0
0.0
0.0
0.8750007152557373
0.0
0.0
0.0
0.0
0.0
0.0
0.0
0.0
0.0
0.8540017604827881
0.0
0.0
0.0
0.0
0.0
0.0
0.0
0.0
0.0
0.8419992923736572
0.0
0.0
0.0
0.0
0.0
0.0
0.0
0.0
0.0
0.877002477645874
0.0
0.0
0.0
0.0
0.0
0.0
0.0
0.0
0.0
0.8950014114379883
0.0
0.0
0.0
0.0
0.0
0.0
0.0
0.0
0.0
0.8509995937347412
0.0
0.0
0.0
0.0
0.0
0.0
0.0
0.0
0.0
0.8580009937286377
0.0
0.0
0.0
0.0
0.0
0.0
0.0
0.0
0.0
0.8800003528594971
0.0
0.0
0.0
0.0
0.0
0.0
0.0
0.0
0.0
0.8620045185089111
0.0
0.0
0.0
0.0
0.0
0.0
0.0
0.0
0.0
0.8950011730194092
0.0
0.0
0.0
0.0
0.0
0.0
0.0
0.0
0.0
0.8899993896484375
0.0
0.0
0.0
0.0
0.0
0.0
0.0
0.0
0.0
0.8680009841918945
0.0
0.0
0.0
0.0
0.0
0.0
0.0
0.0
0.0
0.836000919342041
0.0
0.0
0.0
0.0
0.0
0.0
0.0
0.0
0.0
0.8620028495788574
0.0
0.0
0.0
0.0
0.0
0.0
0.0
0.0
0.0
0.8760030269622803
0.0
0.0
0.0
0.0
0.0
0.0
0.0
0.0
0.0
0.8440020084381104
0.0
0.0
0.0
0.0
0.0
0.0
0.0
0.0
0.0
0.8690030574798584
0.0
0.0
0.0
0.0
0.0
0.0
0.0
0.0
0.0
0.8729989528656006
0.0
0.0
0.0
0.0
0.0
0.0
0.0
0.0
0.0
0.8500039577484131
0.0
0.0
0.0
0.0
0.0
0.0
0.0
0.0
0.0
0.8419995307922363
0.0
0.0
0.0
0.0
0.0
0.0
0.0
0.0
0.0
0.8819999694824219
0.0
0.0
0.0
0.0
0.0
0.0
0.0
0.0
0.0
0.9550020694732666
0.0
0.0
0.0
0.0
0.0
0.0
0.0
0.0
0.0
1.2380027770996094
0.0
0.0
0.0
0.0
0.0
0.0
0.0
0.0
0.0
0.9600026607513428
0.0
0.0
0.0
0.0
0.0
0.0
0.0
0.0
0.0
1.0300004482269287
0.0
0.0
0.0
0.0
0.0
0.0
0.0
0.0
0.0
0.9800033569335938
0.0
0.0
0.0
0.0
0.0
0.0
0.0
0.0
0.0
0.9999973773956299
0.0
0.0
0.0
0.0
0.0
0.0
0.0
0.0
0.0
0.8980002403259277
0.0
0.0
0.0
0.0
0.0
0.0
0.0
0.0
0.0
1.8730027675628662
0.0
0.0
0.0
0.0
0.0
0.0
0.0
0.0
0.0
0.9930036067962646
0.0
0.0
0.0
0.0
0.0
0.0
0.0
0.0
0.0
1.6580009460449219
0.0
0.0
0.0
0.0
0.0
0.0
0.0
0.0
0.0
1.0080020427703857
0.0
0.0
0.0
0.0
0.0
0.0
0.0
0.0
0.0
0.9079999923706055
0.0
0.0
0.0
0.0
0.0
0.0
0.0
0.0
0.0
0.9079983234405518
0.0
0.0
0.0
0.0
0.0
0.0
0.0
0.0
0.0
0.8590013980865479
0.0
0.0
0.0
0.0
0.0
0.0
0.0
0.0
0.0
0.9209997653961182
0.0
0.0
0.0
0.0
0.0
0.0
0.0
0.0
0.0
0.8850002288818359
0.0
0.0
0.0
0.0
0.0
0.0
0.0
0.0
0.0
0.8530011177062988
0.0
0.0
0.0
0.0
0.0
0.0
0.0
0.0
0.0
0.922004222869873
0.0
0.0
0.0
0.0
0.0
0.0
0.0
0.0
0.0
0.8830022811889648
0.0
0.0
0.0
0.0
0.0
0.0
0.0
0.0
0.0
0.8710029125213623
0.0
0.0
0.0
0.0
0.0
0.0
0.0
0.0
0.0
0.8419978618621826
0.0
0.0
0.0
0.0
0.0
0.0
0.0
0.0
0.0
0.8679971694946289
0.0
0.0
0.0
0.0
0.0
0.0
0.0
0.0
0.0
0.876000165939331
0.0
0.0
0.0
0.0
0.0
0.0
0.0
0.0
0.0
0.8430018424987793
0.0
0.0
0.0
0.0
0.0
0.0
0.0
0.0
0.0
0.8410007953643799
0.0
0.0
0.0
0.0
0.0
0.0
0.0
0.0
0.0
0.8760015964508057
0.0
0.0
0.0
0.0
0.0
0.0
0.0
0.0
0.0
0.8459982872009277
0.0
0.0
0.0
0.0
0.0
0.0
0.0
0.0
0.0
0.8370015621185303
0.0
0.0
0.0
0.0
0.0
0.0
0.0
0.0
0.0
0.8740019798278809
0.0
0.0
0.0
0.0
0.0
0.0
0.0
0.0
0.0
0.8760015964508057
0.0
0.0
0.0
0.0
0.0
0.0
0.0
0.0
0.0
0.8240010738372803
0.0
0.0
0.0
0.0
0.0
0.0
0.0
0.0
0.0
0.8640046119689941
0.0
0.0
0.0
0.0
0.0
0.0
0.0
0.0
0.0
0.8810036182403564
0.0
0.0
0.0
0.0
0.0
0.0
0.0
0.0
0.0
0.8480026721954346
0.0
0.0
0.0
0.0
0.0
0.0
0.0
0.0
0.0
0.8410027027130127
0.0
0.0
0.0
0.0
0.0
0.0
0.0
0.0
0.0
0.8830020427703857
0.0
0.0
0.0
0.0
0.0
0.0
0.0
0.0
0.0
0.875999927520752
0.0
0.0
0.0
0.0
0.0
0.0
0.0
0.0
0.0
0.8340010643005371
0.0
0.0
0.0
0.0
0.0
0.0
0.0
0.0
0.0
0.8819973468780518
0.0
0.0
0.0
0.0
0.0
0.0
0.0
0.0
0.0
0.8699986934661865
0.0
0.0
0.0
0.0
0.0
0.0
0.0
0.0
0.0
0.8500020503997803
0.0
0.0
0.0
0.0
0.0
0.0
0.0
0.0
0.0
0.8320026397705078
0.0
0.0
0.0
0.0
0.0
0.0
0.0
0.0
0.0
0.8870010375976562
0.0
0.0
0.0
0.0
0.0
0.0
0.0
0.0
0.0
0.8600003719329834
0.0
0.0
0.0
0.0
0.0
0.0
0.0
0.0
0.0
0.8350002765655518
0.0
0.0
0.0
0.0
0.0
0.0
0.0
0.0
0.0
0.8660011291503906
0.0
0.0
0.0
0.0
0.0
0.0
0.0
0.0
0.0
0.8770022392272949
0.0
0.0
0.0
0.0
0.0
0.0
0.0
0.0
0.0
0.8320038318634033
0.0
0.0
0.0
0.0
0.0
0.0
0.0
0.0
0.0
0.8640050888061523
0.0
0.0
0.0
0.0
0.0
0.0
0.0009992122650146484
0.0
0.0
0.8790051937103271
0.0
0.0010001659393310547
0.0
0.0
0.0
0.0
0.0
0.0
0.0
0.8540022373199463
0.0
0.0
0.0
0.0
0.0
0.0
0.0
0.0
0.0
0.8349997997283936
0.0
0.0
0.0
0.0
0.0
0.0
0.0
0.0
0.0
0.9450008869171143
0.0
0.0
0.0
0.0
0.0
0.0
0.0
0.0
0.0
0.8350009918212891
0.0
0.0
0.0
0.0
0.0
0.0
0.0
0.0
0.0
0.8619999885559082
0.0
0.0
0.0
0.0
0.0
0.0
0.0
0.0
0.0
0.8650004863739014
0.0
0.0
0.0
0.0
0.0
0.0
0.0
0.0
0.0
0.8730008602142334
0.0
0.0
0.0
0.0
0.0
0.0
0.0
0.0
0.0
0.8710014820098877
0.0
0.0
0.0
0.0
0.0
0.0
0.0
0.0
0.0
0.8300008773803711
0.0
0.0
0.0
0.0
0.0
0.0
0.0
0.0
0.0
0.8710005283355713
0.0
0.0
0.0
0.0
0.0
0.0
0.0
0.0
0.0
0.8740036487579346
0.0
0.0
0.0
0.0
0.0
0.0
0.0
0.0
0.0
0.8300034999847412
0.0
0.0
0.0
0.0
0.0
0.0
0.0
0.0
0.0
0.8670008182525635
0.0
0.0
0.0
0.0
0.0
0.0
0.0
0.0
0.0
0.893998384475708
0.0
0.0
0.0
0.0
0.0
0.0
0.0
0.0
0.0
0.8459997177124023
0.0
0.0
0.0
0.0
0.0
0.0
0.0
0.0
0.0
0.9410021305084229
0.0
0.0
0.0
0.0
0.0
0.0
0.0
0.0
0.0
0.8799962997436523
0.0
0.0
0.0
0.0
0.0
0.0
0.0
0.0
0.0
0.8680014610290527
0.0
0.0
0.0
0.0
0.0
0.0
0.0
0.0
0.0
0.833000659942627
0.0
0.0
0.0
0.0
0.0
0.0
0.0
0.0
0.0
0.8489980697631836
0.0
0.0
0.0
0.0
0.0
0.0
0.0
0.0
0.0
0.8789982795715332
0.0
0.0
0.0
0.0
0.0
0.0
0.0
0.0
0.0
0.8360004425048828
0.0
0.0
0.0
0.0
0.0
0.0
0.0
0.0
0.0
0.8499999046325684
0.0
0.0
0.0
0.0
0.0
0.0
0.0
0.0
0.0
0.8720018863677979
0.0
0.0
0.0
0.0
0.0
0.0
0.0
0.0
0.0
0.8529996871948242
0.0
0.0
0.0
0.0
0.0
0.0
0.0
0.0
0.0
0.839000940322876
0.0
0.0
0.0
0.0
0.0
0.0
0.0
0.0
0.0
0.8670010566711426
0.0
0.0
0.0
0.0
0.0
0.0
0.0
0.0
0.0
0.8720016479492188
0.0
0.0
0.0
0.0
0.0
0.0
0.0
0.0
0.0
0.8329989910125732
0.0
0.0
0.0
0.0
0.0
0.0
0.0
0.0
0.0
0.8760015964508057
0.0
0.0
0.0
0.0
0.0
0.0
0.0
0.0
0.0
0.8629989624023438
0.0
0.0
0.0
0.0
0.0
0.0
0.0
0.0
0.0
0.8299987316131592
0.0
0.0
0.0
0.0
0.0
0.0
0.0
0.0
0.0
0.8569991588592529
0.0
0.0
0.0
0.0
0.0
0.0
0.0
0.0
0.0
0.8780007362365723
0.0
0.0
0.0
0.0
0.0
0.0
0.0
0.0
0.0
0.8330004215240479
0.0
0.0
0.0
0.0
0.0
0.0
0.0
0.0
0.0
0.846001148223877
0.0
0.0
0.0
0.0
0.0
0.0
0.0
0.0
0.0
0.8710017204284668
0.0
0.0
0.0
0.0
0.0
0.0
0.0
0.0
0.0
0.8519999980926514
0.0
0.0
0.0
0.0
0.0
0.0
0.0
0.0
0.0
0.8470008373260498
0.0
0.0
0.0
0.0
0.0
0.0
0.0
0.0
0.0
0.8770039081573486
0.0
0.0
0.0
0.0
0.0
0.0
0.0
0.0
0.0
0.866002082824707
0.0
0.0
0.0
0.0
0.0
0.0
0.0
0.0
0.0
0.8410022258758545
0.0
0.0
0.0
0.0
0.0
0.0
0.0
0.0
0.0
0.8730008602142334
0.0
0.0
0.0
0.0
0.0
0.0
0.0
0.0
0.0
0.8900022506713867
0.0
0.0
0.0
0.0
0.0
0.0
0.0
0.0
0.0
0.8399996757507324
0.0
0.0
0.0
0.0
0.0
0.0
0.0
0.0
0.0
0.846001386642456
0.0
0.0
0.0
0.0
0.0
0.0010018348693847656
0.0
0.0
0.0
0.8729991912841797
0.0
0.0
0.0
0.0
0.0
0.0
0.0
0.0
0.0
0.8580043315887451
0.0
0.0
0.0
0.0
0.0
0.0
0.0
0.0
0.0
0.8360016345977783
0.0
0.0
0.0
0.0
0.0
0.0
0.0
0.0
0.0
0.9070003032684326
0.0
0.0
0.0
0.0
0.0
0.0
0.0
0.0
0.0
0.8920023441314697
0.0
0.0
0.0
0.0
0.0
0.0
0.0
0.0
0.0
0.9630002975463867
0.0
0.0
0.0
0.0
0.0
0.0
0.0
0.0
0.0
1.0739970207214355
0.0
0.0
0.0
0.0
0.0
0.0
0.0
0.0
0.0
1.1250014305114746
0.0
0.0
0.0
0.0
0.0
0.0
0.0
0.0
0.0
0.9470009803771973
0.0
0.0
0.0
0.0
0.0
0.0
0.0
0.0
0.0
1.0490031242370605
0.0
0.0
0.0
0.0
0.0
0.0
0.0
0.0
0.0
1.5969996452331543
0.0
0.0
0.0
0.0
0.0
0.0
0.0
0.0
0.0
0.92099928855896
0.0
0.0
0.0
0.0
0.0
0.0
0.0
0.0
0.0
0.866999626159668
0.0
0.0
0.0
0.0
0.0
0.0
0.0
0.0
0.0
0.9720017910003662
0.0
0.0
0.0
0.0
0.0
0.0
0.0
0.0
0.0
0.8910007476806641
0.0
0.0
0.0
0.0
0.0
0.0
0.0
0.0
0.0
0.895000696182251
0.0
0.0
0.0
0.0
0.0
0.0
0.0
0.0
0.0
1.2519984245300293
0.0
0.0
0.0
0.0
0.0
0.0
0.0
0.0
0.0
0.8880016803741455
0.0
0.0
0.0
0.0
0.0
0.0
0.0
0.0
0.0
0.883000373840332
0.0
0.0
0.0
0.0
0.0
0.0
0.0
0.0
0.0
0.8380014896392822
0.0
0.0
0.0
0.0
0.0
0.0
0.0
0.0
0.0
0.8910012245178223
0.0
0.0
0.0
0.0
0.0
0.0
0.0
0.0
0.0
0.8250000476837158
0.0
0.0
0.0
0.0
0.0
0.0
0.0
0.0
0.0
0.873999834060669
0.0
0.0
0.0
0.0
0.0
0.0
0.0
0.0
0.0
0.864999532699585
0.0
0.0
0.0
0.0
0.0
0.0
0.0
0.0
0.0
0.9000015258789062
0.0
0.0
0.0
0.0
0.0
0.0
0.0
0.0
0.0
0.8739986419677734
0.0
0.0
0.0
0.0
0.0
0.0
0.0
0.0
0.0
0.8700017929077148
0.0
0.0
0.0
0.0
0.0
0.0
0.0
0.0
0.0
0.8289990425109863
0.0
0.0
0.0
0.0
0.0
0.0
0.0
0.0
0.0
0.8350012302398682
0.0
0.0
0.0
0.0
0.0
0.0
0.0
0.0
0.0
0.8730027675628662
0.0
0.0
0.0
0.0
0.0
0.0
0.0
0.0
0.0
0.8460032939910889
0.0
0.0
0.0
0.0
0.0
0.0
0.0
0.0
0.0
0.832000732421875
0.0
0.0
0.0
0.0
0.0
0.0
0.0
0.0
0.0
0.8650031089782715
0.0
0.0
0.0
0.0
0.0
0.0
0.0
0.0
0.0
0.8689990043640137
0.0
0.0
0.0
0.0
0.0
0.0
0.0
0.0
0.0
0.8250024318695068
0.0
0.0
0.0
0.0
0.0
0.0
0.0
0.0
0.0
0.8460018634796143
0.0
0.0
0.0
0.0
0.0
0.0
0.0
0.0
0.0
0.8770012855529785
0.0
0.0
0.0
0.0
0.0
0.0
0.0
0.0
0.0
0.856001615524292
0.0
0.0
0.0
0.0
0.0
0.0
0.0
0.0
0.0
0.8270022869110107
0.0
0.0
0.0
0.0
0.0
0.0
0.0
0.0
0.0
0.8749990463256836
0.0
0.0
0.0
0.0
0.0
0.0
0.0
0.0
0.0
0.856997013092041
0.0
0.0
0.0
0.0
0.0
0.0
0.0
0.0
0.0
0.8249998092651367
0.0
0.0
0.0
0.0
0.0
0.0
0.0
0.0
0.0
0.8640027046203613
0.0
0.0
0.0
0.0
0.0
0.0
0.0
0.0
0.0
0.8670024871826172
0.0
0.0
0.0
0.0
0.0
0.0
0.0
0.0
0.0
0.8300018310546875
0.0
0.0
0.0
0.0
0.0
0.0
0.0
0.0
0.0
0.8440020084381104
0.0
0.0
0.0
0.0
0.0
0.0
0.0
0.0
0.0
0.8700015544891357
0.0
0.0
0.0
0.0
0.0
0.0
0.0
0.0
0.0
0.8290021419525146
0.0
0.0
0.0
0.0
0.0
0.0
0.0
0.0
0.0
0.8370027542114258
0.0
0.0
0.0
0.0
0.0
0.0
0.0
0.0
0.0
0.8660016059875488
0.0
0.0
0.0
0.0
0.0
0.0
0.0
0.0
0.0
0.870002031326294
0.0
0.0
0.0
0.0
0.0
0.0
0.0
0.0
0.0
0.8269987106323242
0.0010004043579101562
0.0
0.0
0.0
0.0
0.0
0.0
0.0
0.0
0.8820035457611084
0.0
0.0
0.0
0.0
0.0
0.0
0.0
0.0
0.0
0.8610036373138428
0.0
0.0
0.0
0.0
0.0
0.0
0.0
0.0
0.0
0.8280050754547119
0.0
0.0
0.0
0.0
0.0
0.0
0.0
0.0
0.0
0.8489992618560791
0.0
0.0
0.0
0.0
0.0
0.0
0.0
0.0
0.0
0.8970005512237549
0.0
0.0
0.0
0.0
0.0
0.0
0.0
0.0
0.0
0.8419992923736572
0.0
0.0
0.0
0.0
0.0
0.0
0.0
0.0
0.0
0.8440003395080566
0.0
0.0
0.0
0.0
0.0
0.0
0.0
0.0
0.0
0.8760011196136475
0.0
0.0
0.0
0.0
0.0
0.0
0.0
0.0
0.0
0.9470021724700928
0.0
0.0
0.0
0.0
0.0
0.0
0.0
0.0
0.0
0.8310031890869141
0.0
0.0
0.0
0.0
0.0
0.0
0.0
0.0
0.0
0.8740024566650391
0.0
0.0
0.0
0.0
0.0
0.0
0.0
0.0
0.0
0.8700008392333984
0.0
0.0
0.0
0.0
0.0
0.0
0.0
0.0
0.0
0.8340020179748535
0.0
0.0
0.0
0.0
0.0
0.0
0.0
0.0
0.0
0.8470022678375244
0.0
0.0
0.0
0.0
0.0
0.0
0.0
0.0
0.0
0.870002269744873
0.0
0.0
0.0
0.0
0.0
0.0
0.0
0.0
0.0
0.8340024948120117
0.0
0.0
0.0
0.0
0.0
0.0
0.0
0.0
0.0
0.8720011711120605
0.0
0.0
0.0
0.0
0.0
0.0
0.0
0.0
0.0
0.8929986953735352
0.0
0.0
0.0
0.0
0.0
0.0
0.0
0.0
0.0
0.8870031833648682
0.0
0.0
0.0
0.0
0.0
0.0
0.0
0.0
0.0
0.8220016956329346
0.0
0.0
0.0
0.0
0.0
0.0
0.0
0.0
0.0
0.8680026531219482
0.0
0.0
0.0
0.0
0.0
0.0
0.0
0.0
0.0
0.9180021286010742
0.0
0.0
0.0
0.0
0.0
0.0
0.0
0.0
0.0
0.8360030651092529
0.0
0.0
0.0
0.0
0.0
0.0
0.0
0.0
0.0
0.8209996223449707
0.0
0.0
0.0
0.0
0.0
0.0
0.0
0.0
0.0
0.8779990673065186
0.0010035037994384766
0.0
0.0
0.0
0.0
0.0
0.0
0.0
0.0
0.9000015258789062
0.0
0.0
0.0
0.0
0.0
0.0
0.0
0.0
0.0
0.8419985771179199
0.0
0.0
0.0
0.0
0.0
0.0
0.0
0.0
0.0
0.878002405166626
0.0
0.0
0.0
0.0
0.0
0.0
0.0
0.0
0.0
0.8720011711120605
0.0
0.0
0.0
0.0
0.0
0.0
0.0
0.0
0.0
0.823000431060791
0.0
0.0
0.0
0.0
0.0
0.0
0.0
0.0
0.0
0.8459985256195068
0.0
0.0
0.0
0.0
0.0
0.0
0.0
0.0
0.0
0.8640022277832031
0.0
0.0
0.0
0.0
0.0
0.0
0.0
0.0
0.0
0.8340003490447998
0.0
0.0
0.0
0.0
0.0
0.0
0.0
0.0
0.0
0.828998327255249
0.0
0.0
0.0
0.0
0.0
0.0
0.0
0.0
0.0
0.8650002479553223
0.0
0.0
0.0
0.0
0.0
0.0
0.0
0.0
0.0
0.8529987335205078
0.0
0.0
0.0
0.0
0.0
0.0
0.0
0.0
0.0
0.8180015087127686
0.0
0.0
0.0
0.0
0.0
0.0
0.0
0.0
0.0
0.8640007972717285
0.0
0.0
0.0
0.0
0.0
0.0
0.0
0.0
0.0
0.8550002574920654
0.0
0.0
0.0
0.0
0.0
0.0
0.0
0.0
0.0
0.8210022449493408
0.0
0.0
0.0
0.0
0.0
0.0
0.0
0.0
0.0
0.8489971160888672
0.0
0.0
0.0
0.0
0.0
0.0
0.0
0.0
0.0
0.8690032958984375
0.0
0.0
0.0
0.0
0.0
0.0
0.0
0.0
0.0
0.8200020790100098
0.0
0.0
0.0
0.0
0.0
0.0
0.0
0.0
0.0
0.843001127243042
0.0
0.0
0.0
0.0
0.0
0.0
0.0
0.0
0.0
0.854999303817749
0.0
0.0
0.0
0.0
0.0
0.0
0.0
0.0
0.0
0.8220012187957764
0.0
0.0
0.0
0.0
0.0
0.0
0.0
0.0
0.0
0.835003137588501
0.0
0.0
0.0
0.0
0.0
0.0
0.0
0.0
0.0
0.8620009422302246
0.0
0.0
0.0
0.0
0.0
0.0
0.0
0.0
0.0
0.8270022869110107
0.0
0.0
0.0
0.0
0.0
0.0
0.0
0.0
0.0
0.8329997062683105
0.0
0.0
0.0
0.0
0.0
0.0
0.0
0.0
0.0
0.860001802444458
0.0
0.0
0.0
0.0
0.0
0.0
0.0
0.0
0.0
0.840001106262207
0.0
0.0
0.0
0.0
0.0
0.0
0.0
0.0
0.0
0.8240020275115967
0.0
0.0
0.0
0.0
0.0
0.0
0.0
0.0
0.0
0.8610007762908936
0.0
0.0
0.0
0.0
0.0
0.0
0.0
0.0
0.0
0.8720011711120605
0.0
0.0
0.0
0.0
0.0
0.0
0.0
0.0
0.0
0.8300015926361084
0.0
0.0
0.0
0.0
0.0
0.0
0.0
0.0
0.0
0.9249989986419678
0.0
0.0
0.0
0.0
0.0
0.0
0.0
0.0
0.0
0.8839998245239258
0.0
0.0
0.0
0.0
0.0
0.0
0.0
0.0
0.0
0.8390014171600342
0.0
0.0
0.0
0.0
0.0
0.0
0.0
0.0
0.0
0.831000566482544
0.0
0.0
0.0
0.0
0.0
0.0
0.0
0.0
0.0
0.8630008697509766
0.0
0.0
0.0
0.0
0.0
0.0
0.0
0.0
0.0
0.8330032825469971
0.0
0.0
0.0
0.0
0.0
0.0
0.0
0.0
0.0
0.8269970417022705
0.0
0.0
0.0
0.0
0.0
0.0
0.0
0.0
0.0
0.9330015182495117
0.0
0.0
0.0
0.0
0.0
0.0
0.0
0.0
0.0
0.8630027770996094
0.0
0.0
0.0
0.0
0.0
0.0
0.0
0.0
0.0
0.8200016021728516
0.0
0.0
0.0
0.0
0.0
0.0
0.0
0.0
0.0
0.8390016555786133
0.0
0.0
0.0
0.0
0.0
0.0
0.0
0.0
0.0
0.8580005168914795
0.0
0.0
0.0
0.0
0.0
0.0
0.0
0.0
0.0
0.838001012802124
0.0
0.0
0.0
0.0
0.0
0.0
0.0
0.0
0.0
0.8270022869110107
0.0
0.0
0.0
0.0
0.0
0.0
0.0
0.0
0.0
0.8650023937225342
0.0
0.0
0.0
0.0
0.0
0.0
0.0
0.0
0.0
0.8569984436035156
0.0
0.0
0.0
0.0
0.0
0.0
0.0
0.0
0.0
0.8129994869232178
0.0
0.0
0.0
0.0
0.0
0.0
0.0
0.0
0.0
0.872002124786377
0.0
0.0
0.0
0.0
0.0
0.0
0.0
0.0
0.0
0.8570008277893066
0.0
0.0
0.0
0.0
0.0
0.0
0.0
0.0
0.0
0.8519995212554932
0.0
0.0
0.0
0.0
0.0
0.0
0.0
0.0
0.0
0.8130006790161133
0.0
0.0
0.0
0.0
0.0
0.0
0.0
0.0
0.0
0.8239989280700684
0.0
0.0
0.0
0.0
0.0
0.0
0.0
0.0
0.0
0.8540010452270508
0.0
0.0
0.0
0.0
0.0
0.0
0.0
0.0
0.0
0.8580002784729004
0.0
0.0
0.0
0.0
0.0
0.0
0.0
0.0
0.0
0.8350009918212891
0.0
0.0
0.0
0.0
0.0
0.0
0.0
0.0
0.0
0.8840024471282959
0.0
0.0
0.0
0.0
0.0
0.0
0.0
0.0
0.0
0.8760008811950684
0.0
0.0
0.0
0.0
0.0
0.0
0.0
0.0009992122650146484
0.0
0.8680026531219482
0.0
0.0
0.0
0.0
0.0
0.0
0.0
0.0
0.0
0.8260016441345215
0.0
0.0
0.0
0.0
0.0
0.0
0.0
0.0
0.0
0.84800124168396
0.0
0.0
0.0
0.0
0.0
0.0
0.0
0.0
0.0
0.8610019683837891
0.0
0.0
0.0
0.0
0.0
0.0
0.0
0.0
0.0
0.829998254776001
0.0
0.0
0.0
0.0
0.00099945068359375
0.0
0.0
0.0
0.0
0.8260023593902588
0.0
0.0
0.0
0.0
0.0
0.0
0.0
0.0
0.0
0.8680002689361572
0.0
0.0
0.0
0.0
0.0
0.0
0.0
0.0
0.0
0.8589999675750732
0.0
0.0
0.0
0.0
0.0
0.0
0.0
0.0
0.0
0.8379995822906494
0.0
0.0
0.0
0.0
0.0
0.0
0.0
0.0
0.0009999275207519531
0.8599989414215088
0.0
0.0
0.0
0.0
0.0
0.0
0.0
0.0
0.0
0.8299977779388428
0.0
0.0
0.0
0.0
0.0
0.0
0.0
0.0
0.0
0.864999532699585
0.0
0.0
0.0
0.0
0.0
0.0
0.0
0.0
0.0
0.8640012741088867
0.0
0.0
0.0
0.0
0.0
0.0
0.0
0.0
0.0
0.8359992504119873
0.0
0.0
0.0
0.0
0.0
0.0
0.0
0.0
0.0
0.8610024452209473
0.0
0.0
0.0
0.0
0.0
0.0
0.0
0.0
0.0
0.880002498626709
0.0
0.0
0.0
0.0
0.0
0.0
0.0
0.0
0.0
0.8489997386932373
0.0
0.0
0.0
0.0
0.0
0.0
0.0
0.0
0.0
0.8159983158111572
0.0
0.0
0.0
0.0
0.0
0.0
0.0
0.0
0.0
0.8580009937286377
0.0
0.0
0.0
0.0
0.0
0.0
0.0
0.0
0.0
0.8400025367736816
0.0
0.0
0.0
0.0
0.0
0.0
0.0
0.0
0.0
0.8230001926422119
0.0
0.0
0.0
0.0
0.0
0.0
0.0
0.0
0.0
0.8620028495788574
0.0
0.0
0.0
0.0
0.0
0.0
0.0
0.0
0.0
0.8459992408752441
0.0
0.0
0.0
0.0
0.0
0.0
0.0
0.0
0.0
0.8220005035400391
0.0
0.0
0.0
0.0
0.0
0.0
0.0
0.0
0.0
0.8570005893707275
0.0
0.0
0.0
0.0
0.0
0.0
0.0
0.0
0.0
0.891000509262085
0.0
0.0
0.0
0.0
0.0
0.0
0.0
0.0
0.0
0.8130009174346924
0.0
0.0
0.0
0.0
0.0
0.0
0.0
0.0
0.0
0.8540012836456299
0.0
0.0
0.0
0.0
0.0
0.0
0.0
0.0
0.0
0.8530006408691406
0.0
0.0
0.0
0.0
0.0
0.0
0.0
0.0
0.0
0.8340029716491699
0.0
0.0
0.0009999275207519531
0.0
0.0
0.0
0.0
0.0
0.0
0.8440032005310059
0.0
0.0
0.0
0.0
0.0
0.0
0.0
0.0
0.0
0.8640007972717285
0.0
0.0
0.0
0.0
0.0
0.0
0.0
0.0
0.0
0.8480007648468018
0.0
0.0
0.0
0.0
0.0
0.0
0.0
0.0
0.0
0.8459999561309814
0.0
0.0
0.0
0.0
0.0
0.0
0.0
0.0
0.0
0.8600008487701416
0.0
0.0
0.0
0.0
0.0
0.0
0.0
0.0
0.0
0.9549977779388428
0.0
0.0
0.0
0.0
0.0
0.0
0.0
0.0
0.0
0.8240022659301758
0.0
0.0
0.0
0.0
0.0
0.0
0.0
0.0
0.0
0.8249995708465576
0.0
0.0
0.0
0.0
0.0
0.0
0.0
0.0
0.0
0.8680040836334229
0.0
0.0
0.0
0.0
0.0
0.0
0.0
0.0
0.0
0.8470020294189453
0.0
0.0
0.0
0.0
0.0
0.0
0.0
0.0
0.0
0.8180007934570312
0.0
0.0010006427764892578
0.0
0.0
0.0
0.0
0.0
0.0
0.0
0.8510017395019531
0.0
0.0
0.0
0.0
0.0
0.0
0.0
0.0
0.0
0.862001895904541
0.0
0.0
0.0
0.0
0.0
0.0
0.0
0.0
0.0
0.8220033645629883
0.0
0.0
0.0
0.0
0.0
0.0
0.0
0.0
0.0
0.8560009002685547
0.0
0.0
0.0
0.0
0.0
0.0
0.0
0.0
0.0
0.8560009002685547
0.0
0.0
0.0
0.0
0.0
0.0
0.0
0.0
0.0
0.8199999332427979
0.0
0.0
0.0
0.0
0.0
0.0
0.0
0.0
0.0
0.8390045166015625
0.0
0.0
0.0
0.0
0.0
0.0
0.0
0.0
0.0
0.859001636505127
0.0
0.0
0.0
0.0
0.0
0.0
0.0
0.0
0.0
0.8110001087188721
0.0
0.0
0.0
0.0
0.0
0.0
0.0
0.0
0.0
0.9020013809204102
0.0
0.0
0.0
0.0
0.0
0.0
0.0
0.0
0.0
0.8630020618438721
0.0
0.0
0.0
0.0
0.0
0.0
0.0
0.0
0.0
0.8290009498596191
0.0
0.0
0.0
0.0
0.0
0.0
0.0
0.0
0.0
0.83500075340271
0.0
0.0
0.0
0.0
0.0
0.0
0.0
0.0
0.0
0.8940005302429199
0.0
0.0
0.0
0.0
0.0
0.0
0.0
0.0
0.0
0.8429994583129883
0.0
0.0
0.0
0.0
0.0
0.0
0.0
0.0
0.0
0.8220031261444092
0.0
0.0
0.0
0.0
0.0
0.0
0.0
0.0
0.0
0.870002031326294
0.0
0.0
0.0
0.0
0.0
0.0
0.0
0.0
0.0
0.930999755859375
0.0
0.0
0.0
0.0
0.0
0.0
0.0
0.0
0.0
0.8290033340454102
0.0
0.0
0.0
0.0
0.0
0.0
0.0
0.0
0.0
0.8180017471313477
0.0
0.0
0.0
0.0
0.0
0.0
0.0
0.0
0.0
0.8770046234130859
0.0
0.0
0.0
0.0
0.0
0.0
0.0
0.0
0.0
0.8370022773742676
0.0
0.0
0.0
0.0
0.0
0.0
0.0
0.0
0.0
0.8219995498657227
0.0
0.0
0.0
0.0
0.0
0.0
0.0
0.0
0.0
0.870002269744873
0.0
0.0
0.0
0.0
0.0
0.0
0.0
0.0
0.0
0.8570005893707275
0.0
0.0
0.0
0.0
0.0
0.0
0.0
0.0
0.0
0.8129997253417969
0.0
0.0
0.0
0.0
0.0
0.0
0.0
0.0
0.0
0.856001615524292
0.0
0.0
0.0
0.0
0.0
0.0
0.0
0.0
0.0
0.8560004234313965
0.0
0.0
0.0
0.0
0.0
0.0
0.0
0.0
0.0
0.8320024013519287
0.0
0.0
0.0
0.0
0.0
0.0
0.0
0.0
0.0
0.832005500793457
0.0
0.0
0.0
0.0
0.0
0.0
0.0
0.0
0.0
0.8600068092346191
0.0
0.0
0.0
0.0
0.0
0.0
0.0
0.0
0.0
0.9299991130828857
0.0
0.0
0.0
0.0
0.0
0.0
0.0
0.0
0.0
0.9989991188049316
0.0
0.0
0.0
0.0
0.0
0.0
0.0
0.0
0.0
0.8879985809326172
0.0
0.0
0.0
0.0
0.0
0.0
0.0
0.0
0.0
0.9060006141662598
0.0
0.0
0.0
0.0
0.0
0.0
0.0
0.0
0.0
0.9829990863800049
0.0
0.0
0.0
0.0
0.0
0.0
0.0
0.0
0.0
0.8470005989074707
0.0
0.0
0.0
0.0
0.0
0.0
0.0
0.0
0.0
0.9240028858184814
0.0
0.0
0.0
0.0
0.0
0.0
0.0
0.0
0.0
0.9190022945404053
0.0
0.0
0.0
0.0
0.0
0.0
0.0
0.0
0.0
0.9500019550323486
0.0
0.0
0.0
0.0
0.0
0.0
0.0
0.0
0.0
1.0099983215332031
0.0
0.0
0.0
0.0
0.0
0.0
0.0
0.0
0.0
0.8510024547576904
0.0
0.0
0.0
0.0
0.0
0.0
0.0
0.0
0.0
0.910999059677124
0.0
0.0
0.0
0.0
0.0
0.0
0.0
0.0
0.0
0.8880031108856201
0.0
0.0
0.0
0.0
0.0
0.0
0.0
0.0
0.0
0.8150010108947754
0.0
0.0
0.0
0.0
0.0
0.0
0.0
0.0
0.0
0.8830020427703857
0.0
0.0
0.0
0.0
0.0
0.0
0.0
0.0
0.0
0.8239998817443848
0.0
0.0
0.0
0.0
0.0
0.0
0.0
0.0
0.0
0.8020031452178955
0.0
0.0
0.0
0.0
0.0
0.0
0.0
0.0
0.0
0.8630008697509766
0.0
0.0
0.0
0.0
0.0
0.0
0.0
0.0
0.0
0.8419992923736572
0.0
0.0
0.0
0.0
0.0
0.0
0.0
0.0
0.0
0.7990021705627441
0.0
0.0
0.0
0.0
0.0
0.0
0.0
0.0
0.0
0.8200013637542725
0.0
0.0
0.0
0.0
0.0
0.0
0.0
0.0
0.0
0.830000638961792
0.0
0.0
0.0
0.0
0.0
0.0
0.0
0.0
0.0
0.8020005226135254
0.0
0.0
0.0
0.0
0.0
0.0
0.0
0.0
0.0
0.8409991264343262
0.0
0.0
0.0
0.0
0.0
0.0
0.0
0.0
0.0
0.805999755859375
0.0
0.0
0.0
0.0
0.0
0.0
0.0
0.0
0.0
0.8140010833740234
0.0
0.0
0.0
0.0
0.0
0.0
0.0
0.0
0.0
0.8329999446868896
0.0
0.0
0.0
0.0
0.0
0.0
0.0
0.0
0.0
0.8030011653900146
0.0
0.0
0.0
0.0
0.0
0.0
0.0
0.0
0.0
0.8080000877380371
0.0
0.0
0.0
0.0
0.0
0.0
0.0
0.0
0.0
0.8330013751983643
0.0
0.0
0.0
0.0
0.0
0.0
0.0
0.0
0.0
0.8180007934570312
0.0
0.0
0.0
0.0
0.0
0.0
0.0
0.0
0.0
0.8250017166137695
0.0
0.0
0.0
0.0
0.0
0.0
0.0
0.0
0.0
0.8360030651092529
0.0
0.0
0.0
0.0
0.0
0.0
0.0
0.0
0.0
0.8280017375946045
0.0
0.0
0.0
0.0
0.0
0.0
0.0
0.0
0.0
0.7890017032623291
0.0
0.0
0.0
0.0
0.0
0.0
0.0
0.0
0.0
0.8360016345977783
0.0
0.0
0.0
0.0
0.0
0.0
0.0
0.0
0.0
0.8259997367858887
0.0
0.0
0.0
0.0
0.0
0.0
0.0
0.0
0.0
0.8859992027282715
0.0
0.0
0.0
0.0
0.0
0.0
0.0
0.0
0.0
1.0219976902008057
0.0
0.0
0.0
0.0
0.0
0.0
0.0
0.0
0.0
1.0810017585754395
0.0
0.0
0.0
0.0
0.0
0.0
0.0
0.0
0.0
0.8989975452423096
0.0
0.0
0.0
0.0
0.0
0.0
0.0
0.0
0.0
0.8229990005493164
0.0
0.0
0.0
0.0
0.0
0.0
0.0
0.0
0.0
0.8320012092590332
0.0
0.0
0.0
0.0
0.0
0.0
0.0
0.0
0.0
0.8430018424987793
0.0
0.0
0.0
0.0
0.0
0.0
0.0
0.0
0.0
0.8130013942718506
0.0
0.0
0.0
0.0
0.0
0.0
0.0
0.0
0.0
0.7990000247955322
0.0
0.0
0.0
0.0
0.0
0.0
0.0
0.0
0.0
0.8420009613037109
0.0
0.0
0.0
0.0
0.0
0.0
0.0
0.0
0.0
0.8240008354187012
0.0
0.0
0.0
0.0
0.0
0.0
0.0
0.0
0.0
0.7930018901824951
0.0
0.0
0.0
0.0
0.0
0.0
0.0
0.0
0.0
0.8310003280639648
0.0
0.0
0.0
0.0
0.0
0.0
0.0
0.0
0.0
0.8259997367858887
0.0
0.0
0.0
0.0
0.0
0.0
0.0
0.0
0.0
0.7930011749267578
0.0
0.0
0.0
0.0
0.0
0.0
0.0
0.0
0.0
0.8329999446868896
0.0
0.0
0.0
0.0
0.0
0.0
0.0
0.0
0.0
0.8209996223449707
0.0
0.0
0.0
0.0
0.0
0.0
0.0
0.0
0.0
0.7920024394989014
0.0
0.0
0.0
0.0
0.0
0.0
0.0
0.0
0.0
0.8310003280639648
0.0
0.0
0.0
0.0
0.0
0.0
0.0
0.0
0.0
0.8310000896453857
0.0
0.0
0.0
0.0
0.0
0.0
0.0
0.0
0.0
0.8020009994506836
0.0
0.0
0.0
0.0
0.0
0.0
0.0
0.0
0.0
0.8420004844665527
0.0
0.0
0.0
0.0
0.0
0.0
0.0
0.0
0.0
0.8410005569458008
0.0
0.0
0.0
0.0
0.0
0.0
0.0
0.0
0.0
0.790001392364502
0.0
0.0
0.0
0.0
0.0
0.0
0.0
0.0
0.0
0.8320004940032959
0.0
0.0
0.0
0.0
0.0
0.0
0.0
0.0
0.0
0.8320009708404541
0.0
0.0
0.0
0.0
0.0
0.0
0.0
0.0
0.0
0.8170018196105957
0.0
0.0
0.0
0.0
0.0
0.0
0.0
0.0
0.0
0.8360011577606201
0.0
0.0
0.0
0.0
0.0
0.0
0.0
0.0
0.0
0.8070003986358643
0.0
0.0
0.0
0.0
0.0
0.0
0.0
0.0
0.0
0.7970035076141357
0.0
0.0
0.0
0.0
0.0
0.0
0.0
0.0
0.0
0.8380019664764404
0.0
0.0
0.0
0.0
0.0
0.0
0.0
0.0
0.0
0.8100004196166992
0.0
0.0
0.0
0.0
0.0
0.0
0.0
0.0
0.0
0.7910022735595703
0.0
0.0
0.0
0.0
0.0
0.0
0.0
0.0
0.0
0.8350019454956055
0.0
0.0
0.0
0.0
0.0
0.0
0.0
0.0
0.0
0.8210005760192871
0.0
0.0
0.0
0.0
0.0
0.0
0.0
0.0
0.0
0.7970023155212402
0.0
0.0
0.0
0.0
0.0
0.0
0.0
0.0
0.0
0.8329982757568359
0.0
0.0
0.0
0.0
0.0
0.0
0.0
0.0
0.0
0.8350012302398682
0.0
0.0
0.0
0.0
0.0
0.0
0.0
0.0
0.0
0.7880008220672607
0.0
0.0
0.0
0.0
0.0
0.0
0.0
0.0
0.0
0.8640015125274658
0.0
0.0
0.0
0.0
0.0
0.0
0.0
0.0
0.0
0.851999044418335
0.0
0.0
0.0
0.0
0.0
0.0
0.0
0.0
0.0
0.8349990844726562
0.0
0.0
0.0
0.0
0.0
0.0
0.0
0.0
0.0
0.8319995403289795
0.0
0.0
0.0
0.0
0.0
0.0
0.0
0.0
0.0
0.8600006103515625
0.0
0.0
0.0
0.0
0.0
0.0
0.0
0.0
0.0
0.8429999351501465
0.0
0.0
0.0
0.0
0.0
0.0
0.0
0.0
0.0
0.8030011653900146
0.0
0.0
0.0
0.0
0.0
0.0
0.0
0.0
0.0
0.8320021629333496
0.0
0.0
0.0
0.0
0.0
0.0
0.0
0.0
0.0
0.820000410079956
0.0
0.0
0.0
0.0
0.0
0.0
0.0
0.0
0.0
0.7970004081726074
0.0
0.0
0.0
0.0
0.0
0.0
0.0
0.0
0.0
0.831002950668335
0.0
0.0
0.0
0.0
0.0
0.0
0.0
0.0
0.0
0.8250024318695068
0.0
0.0
0.0
0.0
0.0
0.0
0.0
0.0
0.0
0.8510003089904785
0.0
0.0
0.0
0.0
0.0
0.0
0.0
0.0
0.0
0.818997859954834
0.0
0.0
0.0
0.0
0.0
0.0
0.0
0.0
0.0
0.8310012817382812
0.0
0.0
0.0
0.0
0.0
0.0
0.0
0.0
0.0
0.7920048236846924
0.0
0.0
0.0
0.0
0.0
0.0
0.0
0.0
0.0
0.8080003261566162
0.0
0.0
0.0
0.0
0.0
0.0
0.0
0.0
0.0
0.8410015106201172
0.0
0.0
0.0
0.0
0.0
0.0
0.0
0.0
0.0
0.7960000038146973
0.0
0.0
0.0
0.0
0.0
0.0
0.0
0.0
0.0
0.8100008964538574
0.0
0.0
0.0
0.0
0.0
0.0
0.0
0.0
0.0
0.8360006809234619
0.0
0.0
0.0
0.0
0.0
0.0
0.0
0.0
0.0
0.7900030612945557
0.0
0.0
0.0
0.0
0.0
0.0
0.0
0.0
0.0
0.8030016422271729
0.0
0.0
0.0
0.0
0.0
0.0
0.0
0.0
0.0
0.8280022144317627
0.0
0.0
0.0
0.0
0.0
0.0
0.0
0.0
0.0
0.8050000667572021
0.0
0.0
0.0
0.0
0.0
0.0
0.0
0.0
0.0
0.8339986801147461
0.0
0.0
0.0
0.0
0.0
0.0
0.0
0.0
0.0
0.8219997882843018
0.0
0.0
0.0
0.0
0.0
0.0
0.0
0.0
0.0
0.8630011081695557
0.0
0.0
0.0
0.0
0.0
0.0
0.0
0.0
0.0
0.8250014781951904
0.0
0.0
0.0
0.0
0.0
0.0
0.0
0.0
0.0
0.830998420715332
0.0
0.0
0.0
0.0
0.0
0.0
0.0
0.0
0.0
0.788001298904419
0.0
0.0
0.0
0.0
0.0
0.0
0.0
0.0
0.0
0.8190011978149414
0.0
0.0
0.0
0.0
0.0
0.0
0.0
0.0
0.0
0.8320004940032959
0.0
0.0
0.0
0.0
0.0
0.0
0.0
0.0
0.0
0.7940022945404053
0.0
0.0
0.0
0.0
0.0
0.0
0.0
0.0
0.0
0.8070001602172852
0.0
0.0
0.0
0.0
0.0
0.0
0.0
0.0
0.0
0.8350005149841309
0.0
0.0
0.0
0.0
0.0
0.0
0.0
0.0
0.0
0.8089995384216309
0.0
0.0
0.0
0.0
0.0
0.0
0.0
0.0
0.0
0.7960007190704346
0.0
0.0
0.0
0.0
0.0
0.0
0.0
0.0
0.0
0.8380017280578613
0.0
0.0
0.0
0.0
0.0
0.0
0.0
0.0
0.0
0.8179991245269775
0.0
0.0
0.0
0.0
0.0
0.0
0.0
0.0
0.0
0.7980036735534668
0.0
0.0
0.0
0.0
0.0
0.0
0.0
0.0
0.0
0.8360011577606201
0.0
0.0
0.0
0.0
0.0
0.0
0.0
0.0
0.0
0.8290009498596191
0.0
0.0
0.0
0.0
0.0
0.0
0.0
0.0
0.0
0.7910006046295166
0.0
0.0
0.0
0.0
0.0
0.0
0.0
0.0
0.0
0.8050005435943604
0.0
0.0
0.0
0.0
0.0
0.0
0.0
0.0
0.0
0.8339991569519043
0.0
0.0
0.0
0.0
0.0
0.0
0.0
0.0
0.0
0.8099994659423828
0.0
0.0
0.0
0.0
0.0
0.0
0.0
0.0
0.0
0.7990009784698486
0.0
0.0
0.0
0.0
0.0
0.0
0.0
0.0
0.0
0.8360016345977783
0.0
0.0
0.0
0.0
0.0
0.0
0.0
0.0
0.0
0.8140017986297607
0.0
0.0
0.0
0.0
0.0
0.0
0.0
0.0
0.0
0.7979996204376221
0.0
0.0
0.0
0.0
0.0
0.0
0.0
0.0
0.0
0.8300018310546875
0.0
0.0
0.0
0.0
0.0
0.0
0.0
0.0
0.0
0.8150017261505127
0.0
0.0
0.0
0.0
0.0
0.0
0.0
0.0
0.0
0.7900018692016602
0.0
0.0
0.0
0.0
0.0
0.0
0.0
0.0
0.0
0.8350019454956055
0.0
0.0
0.0
0.0
0.0
0.0
0.0
0.0
0.0
0.8340013027191162
0.0
0.0
0.0
0.0
0.0
0.0
0.0
0.0
0.0
0.7910034656524658
0.0
0.0
0.0
0.0
0.0
0.0
0.0
0.0
0.0
0.8260018825531006
0.0
0.0
0.0
0.0
0.0
0.0
0.0
0.0
0.0
0.8210020065307617
0.0
0.0
0.0
0.0
0.0
0.0
0.0
0.0
0.0
0.785001277923584
0.0
0.0
0.0
0.0
0.0
0.0
0.0
0.0
0.0
0.8180034160614014
0.0
0.0
0.0
0.0
0.0
0.0
0.0
0.0
0.0
0.8370010852813721
0.0
0.0
0.0
0.0
0.0
0.0
0.0
0.0
0.0
0.7910006046295166
0.0
0.0
0.0
0.0
0.0
0.0
0.0
0.0
0.0
0.8160014152526855
0.0
0.0
0.0
0.0
0.0
0.0
0.0
0.0
0.0
0.8279988765716553
0.0
0.0
0.0
0.0
0.0
0.0
0.0
0.0
0.0
0.7900021076202393
0.0
0.0
0.0
0.0
0.0
0.0
0.0
0.0
0.0
0.8060004711151123
0.0
0.0
0.0
0.0
0.0
0.0
0.0
0.0
0.0
0.8270018100738525
0.0
0.0
0.0
0.0
0.0
0.0
0.0
0.0
0.0
0.8130013942718506
0.0
0.0
0.0
0.0
0.0
0.0
0.0
0.0
0.0
0.7900004386901855
0.0
0.0
0.0
0.0
0.0
0.0
0.0
0.0
0.0
0.8420004844665527
0.0
0.0
0.0
0.0
0.0
0.0
0.0
0.0
0.0
0.8149991035461426
0.0
0.0
0.0
0.0
0.0
0.0
0.0
0.0
0.0
0.7890021800994873
0.0
0.0
0.0
0.0
0.0
0.0
0.0
0.0
0.0
0.8270018100738525
0.0
0.0
0.0
0.0
0.0
0.0
0.0
0.0
0.0
0.816002368927002
0.0
0.0
0.0
0.0
0.0
0.0
0.0
0.0
0.0
0.7840018272399902
0.0
0.0
0.0
0.0
0.0
0.0
0.0
0.0
0.0
0.8270010948181152
0.0
0.0
0.0
0.0
0.0
0.0
0.0
0.0
0.0
0.817000150680542
0.0
0.0
0.0
0.0
0.0
0.0
0.0
0.0
0.0
0.7880001068115234
0.0
0.0
0.0
0.0
0.0
0.0
0.0
0.0
0.0
0.8250019550323486
0.0
0.0
0.0
0.0
0.0
0.0
0.0
0.0
0.0
0.8290033340454102
0.0
0.0
0.0
0.0
0.0
0.0
0.0
0.0
0.0
0.7860004901885986
0.0
0.0
0.0
0.0
0.0
0.0
0.0
0.0
0.0
0.8610002994537354
0.0
0.0
0.0
0.0
0.0
0.0
0.0
0.0
0.0
0.8709993362426758
0.0
0.0
0.0
0.0
0.0
0.0
0.0
0.0
0.0
0.7919995784759521
0.0
0.0
0.0
0.0
0.0
0.0
0.0
0.0
0.0
0.8080024719238281
0.0
0.0
0.0
0.0
0.0
0.0
0.0
0.0
0.0
0.8320012092590332
0.0
0.0
0.0
0.0
0.0
0.0
0.0
0.0
0.0
0.799999475479126
0.0
0.0
0.0
0.0
0.0
0.0
0.0
0.0
0.0
0.7910017967224121
0.0
0.0
0.0
0.0
0.0
0.0
0.0
0.0
0.0
0.8280014991760254
0.0
0.0
0.0
0.0
0.0
0.0
0.0
0.0
0.0
0.8120009899139404
0.0
0.0
0.0
0.0
0.0
0.0
0.0
0.0
0.0
0.7880020141601562
0.0
0.0
0.0
0.0
0.0
0.0
0.0
0.0
0.0
0.8280022144317627
0.0
0.0
0.0
0.0
0.0
0.0
0.0
0.0
0.0
0.8250019550323486
0.0
0.0
0.0
0.0
0.0
0.0
0.0
0.0
0.0
0.7890017032623291
0.0
0.0
0.0
0.0
0.0
0.0
0.0
0.0
0.0
0.8180012702941895
0.0
0.0
0.0
0.0
0.0
0.0
0.0
0.0
0.0
0.8280022144317627
0.0
0.0
0.0
0.0
0.0
0.0
0.0
0.0
0.0
0.785001277923584
0.0
0.0
0.0
0.0
0.0
0.0
0.0
0.0
0.0
0.8119978904724121
0.0
0.0
0.0
0.0
0.0
0.0
0.0
0.0
0.0
0.831000804901123
0.0
0.0
0.0
0.0
0.0
0.0
0.0
0.0
0.0
0.8020005226135254
0.0
0.0
0.0
0.0
0.0
0.0
0.0
0.0
0.0
0.8129982948303223
0.0
0.0
0.0
0.0
0.0
0.0
0.0
0.0
0.0
0.8319993019104004
0.0
0.0
0.0
0.0
0.0
0.0
0.0
0.0
0.0
0.8040018081665039
0.0
0.0
0.0
0.0
0.0
0.0
0.0
0.0
0.0
0.8080012798309326
0.0
0.0
0.0
0.0
0.0
0.0
0.0
0.0
0.0
0.8270015716552734
0.0
0.0
0.0
0.0
0.0
0.0
0.0
0.0
0.0
0.7979996204376221
0.0
0.0
0.0
0.0
0.0
0.0
0.0
0.0
0.0
0.8010029792785645
0.0
0.0
0.0
0.0
0.0
0.0
0.0
0.0
0.0
0.8300008773803711
0.0
0.0
0.0
0.0
0.0
0.0
0.0
0.0
0.0
0.801001787185669
0.0
0.0
0.0
0.0
0.0
0.0
0.0
0.0
0.0
0.8050010204315186
0.0
0.0
0.0
0.0
0.0
0.0
0.0
0.0
0.0
0.831000566482544
0.0
0.0
0.0
0.0
0.0
0.0
0.0
0.0
0.0
0.8060016632080078
0.0
0.0
0.0
0.0
0.0
0.0
0.0
0.0
0.0
0.792001485824585
0.0
0.0
0.0
0.0
0.0
0.0
0.0
0.0
0.0
0.8300037384033203
0.0
0.0
0.0
0.0
0.0
0.0
0.0
0.0
0.0
0.8160018920898438
0.0
0.0
0.0
0.0
0.0
0.0
0.0
0.0
0.0
0.799999475479126
0.0
0.0
0.0
0.0
0.0
0.0
0.0
0.0
0.0
0.8599998950958252
0.0
0.0
0.0
0.0
0.0
0.0
0.0
0.0
0.0
0.8099997043609619
0.0
0.0
0.0
0.0
0.0
0.0
0.0
0.0
0.0
0.7900023460388184
0.0
0.0
0.0
0.0
0.0
0.0
0.0
0.0
0.0
0.8300011157989502
0.0
0.0
0.0
0.0
0.0
0.0
0.0
0.0
0.0
0.8220033645629883
0.0
0.0
0.0
0.0
0.0
0.0
0.0
0.0
0.0
0.7889978885650635
0.0
0.0
0.0
0.0
0.0
0.0
0.0
0.0
0.0
0.8320004940032959
0.0
0.0
0.0
0.0
0.0
0.0
0.0
0.0
0.0
0.8270003795623779
0.0
0.0
0.0
0.0
0.0
0.0
0.0
0.0
0.0
0.7869994640350342
0.0
0.0
0.0
0.0
0.0
0.0
0.0
0.0
0.0
0.8150007724761963
0.0
0.0
0.0
0.0
0.0
0.0
0.0
0.0
0.0
0.8350014686584473
0.0
0.0
0.0
0.0
0.0
0.0
0.0
0.0
0.0
0.7870006561279297
0.0
0.0
0.0
0.0
0.0
0.0
0.0
0.0
0.0
0.8050007820129395
0.0
0.0
0.0
0.0
0.0
0.0
0.0
0.0
0.0
0.8390023708343506
0.0
0.0
0.0
0.0
0.0
0.0
0.0
0.0
0.0
0.7980010509490967
0.0
0.0
0.0
0.0
0.0
0.0
0.0
0.0
0.0
0.8040022850036621
0.0
0.0
0.0
0.0
0.0
0.0
0.0
0.0
0.0
0.9090003967285156
0.0
0.0
0.0
0.0
0.0
0.0
0.0
0.0
0.0
0.8100006580352783
0.0
0.0
0.0
0.0
0.0
0.0
0.0
0.0
0.0
0.785999059677124
0.0
0.0
0.0
0.0
0.0
0.0
0.0
0.0
0.0
0.8220007419586182
0.0
0.0
0.0
0.0
0.0
0.0
0.0
0.0
0.0
0.8200011253356934
0.0
0.0
0.0
0.0
0.0
0.0
0.0
0.0
0.0
0.7919995784759521
0.0
0.0
0.0
0.0
0.0
0.0
0.0
0.0
0.0
0.8170020580291748
0.0
0.0
0.0
0.0
0.0
0.0
0.0
0.0
0.0
0.8250026702880859
0.0
0.0
0.0
0.0
0.0
0.0
0.0
0.0
0.0
0.787001371383667
0.0
0.0
0.0
0.0
0.0
0.0
0.0
0.0
0.0
0.8229968547821045
0.0
0.0
0.0
0.0
0.0
0.0
0.0
0.0
0.0
0.8200016021728516
0.0
0.0
0.0
0.0
0.0
0.0
0.0
0.0
0.0
0.7840015888214111
0.0
0.0
0.0
0.0
0.0
0.0
0.0
0.0
0.0
0.8259987831115723
0.0
0.0
0.0
0.0
0.0
0.0
0.0
0.0
0.0
0.8300008773803711
0.0
0.0
0.0
0.0
0.0
0.0
0.0
0.0
0.0
0.7960021495819092
0.0
0.0
0.0
0.0
0.0
0.0
0.0
0.0
0.0
0.8000009059906006
0.0
0.0
0.0
0.0
0.0
0.0
0.0
0.0
0.0
0.8300015926361084
0.0
0.0
0.0
0.0
0.0
0.0
0.0
0.0
0.0
0.8019993305206299
0.0
0.0
0.0
0.0
0.0
0.0
0.0
0.0
0.0
0.7920019626617432
0.0
0.0
0.0
0.0
0.0
0.0
0.0
0.0
0.0
0.8259994983673096
0.0
0.0
0.0
0.0
0.0
0.0
0.0
0.0
0.0
0.8140010833740234
0.0
0.0
0.0
0.0
0.0
0.0
0.0
0.0
0.0
0.790001392364502
0.0
0.0
0.0
0.0
0.0
0.0
0.0
0.0
0.0
0.833000898361206
0.0
0.0
0.0
0.0
0.0
0.0
0.0
0.0
0.0
0.822002649307251
0.0
0.0
0.0
0.0
0.0
0.0
0.0
0.0
0.0
0.787001371383667
0.0
0.0
0.0
0.0
0.0
0.0
0.0
0.0
0.0
0.8179976940155029
0.0
0.0
0.0
0.0
0.0
0.0
0.0
0.0
0.0
0.8280007839202881
0.0
0.0
0.0
0.0
0.0
0.0
0.0
0.0
0.0
0.7900042533874512
0.0
0.0
0.0
0.0
0.0
0.0
0.0
0.0
0.0
0.8060009479522705
0.0
0.0
0.0
0.0
0.0
0.0
0.0
0.0
0.0
0.8219997882843018
0.0
0.0
0.0
0.0
0.0
0.0
0.0
0.0
0.0
0.7879998683929443
0.0
0.0
0.0
0.0
0.0
0.0
0.0
0.0
0.0
0.8020014762878418
0.0
0.0
0.0
0.0
0.0
0.0
0.0
0.0
0.0
0.8250014781951904
0.0
0.0
0.0
0.0
0.0
0.0
0.0
0.0
0.0
0.8160004615783691
0.0
0.0
0.0
0.0
0.0
0.0
0.0
0.0
0.001001596450805664
0.787001371383667
0.0
0.0
0.0
0.0
0.0
0.0
0.0
0.0
0.0
0.8180041313171387
0.0
0.0
0.0
0.0
0.0
0.0
0.0
0.0
0.0
0.8240010738372803
0.0
0.0
0.0
0.0
0.0
0.0
0.0
0.0
0.0
0.7870020866394043
0.0
0.0
0.0
0.0
0.0
0.0
0.0
0.0
0.0
0.8289985656738281
0.0
0.0
0.0
0.0
0.0
0.0
0.0
0.0
0.0
0.8239974975585938
0.0
0.0
0.0
0.0
0.0
0.0
0.0
0.0
0.0
0.792001485824585
0.0
0.0
0.0
0.0
0.0
0.0
0.0
0.0
0.0
0.8200037479400635
0.0
0.0
0.0
0.0
0.0
0.0
0.0
0.0
0.0
0.8220009803771973
0.0
0.0
0.0
0.0
0.0
0.0
0.0
0.0
0.0
0.8570022583007812
0.0
0.0
0.0
0.0
0.0
0.0
0.0
0.0
0.0
0.891002893447876
0.0
0.0
0.0
0.0
0.0
0.0
0.0
0.0
0.0
0.8320043087005615
0.0
0.0
0.0
0.0
0.0
0.0
0.0
0.0
0.0
0.8140010833740234
0.0
0.0
0.0
0.0
0.0
0.0
0.0
0.0
0.0
0.8139994144439697
0.0
0.0
0.0
0.0
0.0
0.0
0.0
0.0
0.0
0.8550024032592773
0.0
0.0
0.0
0.0
0.0
0.0
0.0
0.0
0.0
0.8390007019042969
0.0
0.0
0.0
0.0
0.0
0.0
0.0
0.0
0.0
0.7840015888214111
0.0
0.0
0.0
0.0
0.0
0.0
0.0
0.0
0.0
0.8220019340515137
0.0
0.0
0.0
0.0
0.0
0.0
0.0
0.0
0.0
0.8280010223388672
0.0
0.0
0.0
0.0
0.0
0.0
0.0
0.0
0.0
0.8000013828277588
0.0
0.0
0.0
0.0
0.0
0.0
0.0
0.0
0.0
0.8100008964538574
0.0
0.0
0.0
0.0
0.0
0.0
0.0
0.0
0.0
0.8609991073608398
0.0
0.0
0.0
0.0
0.0
0.0
0.0
0.0
0.0010001659393310547
0.8810009956359863
0.0
0.0
0.0
0.0
0.0
0.0
0.0
0.0
0.0
0.8670001029968262
0.0
0.0
0.0
0.0
0.0
0.0
0.0
0.0
0.0
0.8719985485076904
0.0
0.0
0.0
0.0
0.0
0.0
0.0
0.0
0.0
0.8780012130737305
0.0
0.0
0.0
0.0
0.0
0.0
0.0
0.0
0.0
0.9569997787475586
0.0
0.0
0.0
0.0
0.0
0.0
0.0
0.0
0.0
0.8060011863708496
0.0
0.0
0.0
0.0
0.0
0.0
0.0
0.0
0.0
0.8300008773803711
0.0
0.0
0.0
0.0
0.0
0.0
0.0
0.0
0.0
0.8160006999969482
0.0
0.0
0.0
0.0
0.0
0.0
0.0
0.0
0.0
0.7950038909912109
0.0
0.0
0.0
0.0
0.0
0.0
0.0
0.0
0.0
0.8270010948181152
0.0
0.0
0.0
0.0
0.0
0.0
0.0
0.0
0.0
0.8250033855438232
0.0
0.0
0.0
0.0
0.0
0.0
0.0
0.0
0.0
0.7970023155212402
0.0
0.0
0.0
0.0
0.0
0.0
0.0
0.0
0.0
0.8610026836395264
0.0
0.0
0.0
0.0
0.0
0.0
0.0
0.0
0.0
0.8740012645721436
0.0
0.0
0.0
0.0
0.0
0.0
0.0
0.0
0.0
0.7940013408660889
0.0
0.0
0.0
0.0
0.0
0.0
0.0
0.0
0.0
0.7990012168884277
0.0
0.0
0.0
0.0
0.0
0.0
0.0
0.0
0.0
0.8290038108825684
0.0
0.0
0.0
0.0
0.0
0.0
0.0
0.0
0.0
0.803002119064331
0.0
0.0
0.0
0.0
0.0
0.0
0.0
0.0
0.0
0.7959980964660645
0.0
0.0
0.0
0.0
0.0
0.0
0.0
0.0
0.0
0.8270015716552734
0.0
0.0
0.0
0.0
0.0
0.0
0.0
0.0
0.0
0.8179976940155029
0.0
0.0
0.0
0.0
0.0
0.0
0.0
0.0
0.0
0.786001443862915
0.0
0.0
0.0
0.0
0.0
0.0
0.0
0.0
0.0
0.8330018520355225
0.0
0.0
0.0
0.0
0.0
0.0
0.0
0.0
0.0
0.8139998912811279
0.0
0.0
0.0
0.0
0.0
0.0
0.0
0.0
0.0
0.7890017032623291
0.0
0.0
0.0
0.0
0.0
0.0
0.0
0.0
0.0
0.8170008659362793
0.0
0.0
0.0
0.0
0.0
0.0
0.0
0.0
0.0
0.8250041007995605
0.0
0.0
0.0
0.0
0.0
0.0
0.0
0.0
0.0
0.7860009670257568
0.0
0.0
0.0
0.0
0.0
0.0
0.0
0.0
0.0
0.8039991855621338
0.0
0.0
0.0
0.0
0.0
0.0
0.0
0.0
0.0
0.8360013961791992
0.0
0.0
0.0
0.0
0.0
0.0
0.0
0.0
0.0
0.8050000667572021
0.0
0.0
0.0
0.0
0.0
0.0
0.0
0.0
0.0
0.7960007190704346
0.0
0.0
0.0
0.0
0.0
0.0
0.0
0.0
0.0
0.8529977798461914
0.0
0.0
0.0
0.0
0.0
0.0
0.0
0.0
0.0
0.8119990825653076
0.0
0.0
0.0
0.0
0.0
0.0
0.0
0.0
0.0
0.7930002212524414
0.0
0.0
0.0
0.0
0.0
0.0
0.0
0.0
0.0
0.8830006122589111
0.0
0.0
0.0
0.0
0.0
0.0
0.0
0.0
0.0
0.8720009326934814
0.0
0.0
0.0
0.0
0.0
0.0
0.0
0.0
0.0
0.7890036106109619
0.0
0.0
0.0
0.0
0.0
0.0
0.0
0.0
0.0
0.8260011672973633
0.0
0.0
0.0
0.0
0.0
0.0
0.0
0.0
0.0
0.8540024757385254
0.0
0.0
0.0
0.0
0.0
0.0
0.0
0.0
0.0
0.7910003662109375
0.0
0.0
0.0
0.0
0.0
0.0
0.0
0.0
0.0
0.8310024738311768
0.0
0.0
0.0
0.0
0.0
0.0
0.0
0.0
0.0
0.8310022354125977
0.0
0.0
0.0
0.0
0.0
0.0
0.0
0.0
0.0
0.7869994640350342
0.0
0.0
0.0
0.0
0.0
0.0
0.0
0.0
0.0
0.8119971752166748
0.0
0.0
0.0
0.0
0.0
0.0
0.0
0.0
0.0
0.8310039043426514
0.0
0.0
0.0
0.0
0.0
0.0
0.0
0.0
0.0
0.7860026359558105
0.0
0.0
0.0
0.0
0.0
0.0
0.0
0.0
0.0
0.8040015697479248
0.0
0.0
0.0
0.0
0.0
0.0
0.0
0.0
0.0
0.8250019550323486
0.0
0.0
0.0
0.0
0.0
0.0
0.0
0.0
0.0
0.7980020046234131
0.0
0.0
0.0
0.0
0.0
0.0
0.0
0.0
0.0
