0.0
0.0
0.0
0.0
0.0
0.0
0.0
0.0
0.0
0.10500073432922363
0.0
0.0
0.0
0.0
0.0
0.0
0.0
0.0
0.0
0.09200072288513184
0.0
0.0
0.0
0.0
0.0
0.0
0.0
0.0
0.0
0.08997416496276855
0.0
0.0
0.0
0.0
0.0
0.0
0.0
0.0
0.0
0.0900263786315918
0.0
0.0
0.0
0.0
0.0
0.0
0.0
0.0
0.0
0.09003257751464844
0.0
0.0
0.0
0.0
0.0
0.0
0.0
0.0
0.0
0.08903098106384277
0.0
0.0
0.0
0.0
0.0
0.0
0.0
0.0
0.0
0.08999896049499512
0.0
0.0
0.0
0.0
0.0
0.0
0.0
0.0
0.0
0.08899927139282227
0.0
0.0
0.0
0.0
0.0
0.0
0.0
0.0
0.0
0.08902978897094727
0.0
0.0
0.0
0.0
0.0
0.0
0.0
0.0
0.0
0.09102606773376465
0.0
0.0
0.0
0.0
0.0
0.0
0.0
0.0
0.0
0.08700084686279297
0.0
0.0
0.0
0.0
0.0
0.0
0.0
0.0
0.0
0.08802342414855957
0.0
0.0
0.0
0.0
0.0
0.0
0.0
0.0
0.0
0.08969688415527344
0.0
0.0
0.0
0.0
0.0
0.0
0.0
0.0
0.0
0.08800578117370605
0.0
0.0
0.0
0.0
0.0
0.0
0.0
0.0
0.0
0.08902716636657715
0.0
0.0
0.0
0.0
0.0
0.0
0.0
0.0
0.0
0.08799934387207031
0.0
0.0
0.0
0.0
0.0
0.0
0.0
0.0
0.0
0.08700203895568848
0.0
0.0
0.0
0.0
0.0
0.0
0.0
0.0
0.0
0.08869743347167969
0.0
0.0
0.0
0.0
0.0
0.0
0.0
0.0
0.0
0.0880286693572998
0.0
0.0
0.0
0.0
0.0
0.0
0.0
0.0
0.0
0.09002518653869629
0.0
0.0
0.0
0.0
0.0
0.0
0.0
0.0
0.0
0.0900273323059082
0.0
0.0
0.0
0.0
0.0
0.0
0.0
0.0
0.0
0.08902502059936523
0.0
0.0
0.0
0.0
0.0
0.0
0.0
0.0
0.0
0.08980536460876465
0.0
0.0
0.0
0.0
0.0
0.0
0.0
0.0
0.0
0.09000015258789062
0.0
0.0
0.0
0.0
0.0
0.0
0.0
0.0
0.0
0.09000015258789062
0.0
0.0
0.0
0.0
0.0
0.0
0.0
0.0
0.0
0.09196329116821289
0.0
0.0
0.0
0.0
0.0
0.0
0.0
0.0
0.0
0.09050869941711426
0.0
0.0
0.0
0.0
0.0
0.0
0.0
0.0
0.0
0.09000086784362793
0.0
0.0
0.0
0.0
0.0
0.0
0.0
0.0
0.0
0.09000015258789062
0.0
0.0
0.0
0.0
0.0
0.0
0.0
0.0
0.0
0.08906698226928711
0.0
0.0
0.0
0.0
0.0
0.0
0.0
0.0
0.0
0.08896923065185547
0.0
0.0
0.0
0.0
0.0
0.0
0.0
0.0
0.0
0.09003281593322754
0.0
0.0
0.0
0.0
0.0
0.0
0.0
0.0
0.0
0.08896970748901367
0.0
0.0
0.0
0.0
0.0
0.0
0.0
0.0
0.0
0.08899903297424316
0.0
0.0
0.0
0.0
0.0
0.0
0.0
0.0
0.0
0.08977699279785156
0.0
0.0
0.0
0.0
0.0
0.0
0.0
0.0
0.0
0.08900117874145508
0.0
0.0
0.0
0.0
0.0
0.0
0.0
0.0
0.0
0.08972430229187012
0.0
0.0
0.0
0.0
0.0
0.0
0.0
0.0
0.0
0.08999943733215332
0.0
0.0
0.0
0.0
0.0
0.0
0.0
0.0
0.0
0.09102916717529297
0.0
0.0
0.0
0.0
0.0
0.0
0.0
0.0
0.0
0.09007382392883301
0.0
0.0010008811950683594
0.0
0.0
0.0
0.0
0.0
0.0
0.0
0.09000039100646973
0.0
0.0
0.0
0.0
0.0
0.0
0.0
0.0
0.0
0.09099984169006348
0.0
0.0
0.0
0.0
0.0
0.0
0.0
0.0
0.0
0.09000134468078613
0.0
0.0
0.0
0.0
0.0
0.0
0.0
0.0
0.0
0.09100031852722168
0.0
0.0
0.0
0.0
0.0
0.0
0.0
0.0
0.0
0.09200024604797363
0.0
0.0
0.0
0.0
0.0
0.0
0.0
0.0
0.0
0.09000086784362793
0.0
0.0
0.0
0.0
0.0
0.0
0.0
0.0
0.0
0.09000086784362793
0.0
0.0
0.0
0.0
0.0
0.0
0.0
0.0
0.0
0.08900070190429688
0.0
0.0
0.0
0.0
0.0
0.0
0.0
0.0
0.0
0.09000086784362793
0.0
0.0
0.0
0.0
0.0
0.0
0.0
0.0
0.0
0.08899879455566406
0.0
0.0
0.0
0.0
0.0
0.0
0.0
0.0
0.0
0.09000039100646973
0.0
0.0
0.0
0.0
0.0
0.0
0.0
0.0
0.0
0.08999943733215332
0.0
0.0
0.0
0.0
0.0
0.0
0.0
0.0
0.0
0.09100079536437988
0.0
0.0
0.0
0.0
0.0
0.0
0.0
0.0
0.0
0.08899879455566406
0.0
0.0
0.0
0.0
0.0
0.0
0.0
0.0
0.0
0.09006023406982422
0.0
0.0
0.0
0.0
0.0
0.0
0.0
0.0
0.0
0.0898749828338623
0.0
0.0
0.0
0.0
0.0
0.0
0.0
0.0
0.0
0.09005951881408691
0.0
0.0
0.0
0.0
0.0
0.0
0.0
0.0
0.0
0.08900070190429688
0.0
0.0
0.0
0.0
0.0
0.0
0.0
0.0
0.0
0.08899998664855957
0.0
0.0
0.0
0.0
0.0
0.0
0.0
0.0
0.0
0.09102606773376465
0.0
0.0
0.0
0.0
0.0
0.0
0.0
0.0
0.0
0.09179806709289551
0.0
0.0
0.0
0.0
0.0
0.0
0.0
0.0
0.0
0.09102487564086914
0.0
0.0
0.0
0.0
0.0
0.0
0.0
0.0
0.0
0.09000086784362793
0.0
0.0
0.0
0.0
0.0
0.0
0.0
0.0
0.0
0.09064340591430664
0.0
0.0
0.0
0.0
0.0
0.0
0.0
0.0
0.0
0.09000134468078613
0.0
0.0
0.0
0.0
0.0
0.0
0.0
0.0
0.0
0.09100127220153809
0.0
0.0
0.0
0.0
0.0
0.0
0.0
0.0
0.0
0.09000086784362793
0.0
0.0
0.0
0.0
0.0
0.0
0.0
0.0
0.0
0.08999919891357422
0.0
0.0
0.0
0.0
0.0
0.0
0.0
0.0
0.0
0.0912637710571289
0.0
0.0
0.0
0.0
0.0
0.0
0.0
0.0
0.0
0.08997559547424316
0.0
0.0
0.0
0.0
0.0
0.0
0.0
0.0
0.0
0.08899950981140137
0.0
0.0
0.0
0.0
0.0
0.0
0.0
0.0
0.0
0.08995795249938965
0.0
0.0
0.0
0.0
0.0
0.0
0.0
0.0
0.0
0.08900022506713867
0.0
0.0
0.0
0.0
0.0
0.0
0.0
0.0
0.0
0.08899974822998047
0.0
0.0
0.0
0.0
0.0
0.0
0.0
0.0
0.0
0.09000730514526367
0.0
0.0
0.0
0.0
0.0
0.0
0.0
0.0
0.0
0.0900261402130127
0.0
0.0
0.0
0.0
0.0
0.0
0.0
0.0
0.0
0.09000229835510254
0.0
0.0
0.0
0.0
0.0
0.0
0.0
0.0
0.0
0.08898782730102539
0.0
0.0
0.001026153564453125
0.0
0.0
0.0
0.0
0.0
0.0
0.09000158309936523
0.0
0.0
0.0
0.0
0.0
0.0
0.0
0.0
0.0
0.08900046348571777
0.0
0.0
0.0
0.0
0.0
0.0
0.0
0.0
0.0
0.09203076362609863
0.0
0.0
0.0
0.0
0.0
0.0
0.0
0.0
0.0
0.09000205993652344
0.0
0.0
0.0
0.0
0.0
0.0
0.0
0.0
0.0
0.09001302719116211
0.0
0.0
0.0
0.0
0.0
0.0
0.0
0.0
0.0
0.08997297286987305
0.0
0.0
0.0
0.0
0.0
0.0
0.0
0.0
0.0
0.09000873565673828
0.0
0.0
0.0
0.0
0.0
0.0
0.0
0.0
0.0
0.09100103378295898
0.0
0.0
0.0
0.0
0.0
0.0
0.0
0.0
0.0
0.09000658988952637
0.0
0.0
0.0
0.0
0.0
0.0
0.0
0.0
0.0
0.09000253677368164
0.0
0.0
0.0
0.0
0.0
0.0
0.0
0.0
0.0
0.08903217315673828
0.0
0.0
0.0
0.0
0.0
0.0
0.0
0.0
0.0
0.09000182151794434
0.0
0.0
0.0
0.0
0.0
0.0
0.0
0.0
0.0
0.09001731872558594
0.0
0.0
0.0
0.0
0.0
0.0
0.0
0.0
0.0
0.08899927139282227
0.0
0.0
0.0
0.0
0.0
0.0
0.0
0.0
0.0
0.08902883529663086
0.0
0.0
0.0
0.0
0.0
0.0
0.0
0.0
0.0
0.09100103378295898
0.0
0.0
0.0
0.0
0.0
0.0
0.0
0.0
0.0
0.08900094032287598
0.0
0.0
0.0
0.0
0.0
0.0
0.0
0.0
0.0
0.09000015258789062
0.0
0.0
0.0
0.0
0.0
0.0
0.0
0.0
0.0
0.09083127975463867
0.0
0.0
0.0
0.0
0.0
0.0
0.0
0.0
0.0
0.09000062942504883
0.0
0.0
0.0
0.0
0.0
0.0
0.0
0.0
0.0
0.09000015258789062
0.0
0.0
0.0
0.0
0.0
0.0
0.0
0.0
0.0
0.09000039100646973
0.0
0.0
0.0
0.0
0.0
0.0
0.0
0.0
0.0
0.08899974822998047
0.0
0.0
0.0
0.0
0.0
0.0
0.0
0.0
0.0
0.09200191497802734
0.0
0.0
0.0
0.0
0.0
0.0
0.0
0.0
0.0
0.09700298309326172
0.0
0.0
0.0
0.0
0.0
0.0
0.0
0.0
0.0
0.09000086784362793
0.0
0.0
0.0
0.0
0.0
0.0
0.0
0.0
0.0
0.08996987342834473
0.0
0.0
0.0
0.0
0.0
0.0
0.0
0.0
0.0
0.09099817276000977
0.0
0.0
0.0
0.0
0.0
0.0
0.0
0.0
0.0
0.09000229835510254
0.0
0.0
0.0
0.0
0.0
0.0
0.0
0.0
0.0
0.0933997631072998
0.0
0.0
0.0
0.0
0.0
0.0
0.0
0.0
0.0
0.08999991416931152
0.0
0.0
0.0
0.0
0.0
0.0
0.0
0.0
0.0
0.09397745132446289
0.0
0.0
0.0
0.0
0.0
0.0
0.0
0.0
0.0
0.09599852561950684
0.0
0.0
0.0
0.0
0.0
0.0
0.0
0.0
0.0
0.09147405624389648
0.0
0.0
0.0
0.0
0.0
0.0
0.0
0.0
0.0
0.09099841117858887
0.0
0.0
0.0
0.0
0.0
0.0
0.0
0.0
0.0
0.09200119972229004
0.0
0.0
0.0
0.0
0.0
0.0
0.0
0.0
0.0
0.09100151062011719
0.0
0.0
0.0
0.0
0.0
0.0
0.0
0.0
0.0
0.09400057792663574
0.0
0.0
0.0
0.0
0.0
0.0
0.0
0.0
0.0
0.09000086784362793
0.0
0.0
0.0
0.0
0.0
0.0
0.0
0.0
0.0
0.09400248527526855
0.0
0.0
0.0
0.0
0.0
0.0
0.0
0.0
0.0
0.09199976921081543
0.0
0.0
0.0
0.0
0.0
0.0
0.0
0.0
0.0
0.08900094032287598
0.0
0.0
0.0
0.0
0.0
0.0
0.0
0.0
0.0
0.09102988243103027
0.0
0.0
0.0
0.0
0.0
0.0
0.0
0.0
0.0
0.09228157997131348
0.0
0.0
0.0
0.0
0.0
0.0
0.0
0.0
0.0
0.09000110626220703
0.0
0.0
0.0
0.0
0.0
0.0
0.0
0.0
0.0
0.08999967575073242
0.0
0.0
0.0
0.0
0.0
0.0
0.0
0.0
0.0
0.09000182151794434
0.0
0.0
0.0
0.0
0.0
0.0
0.0
0.0
0.0
0.09100079536437988
0.0
0.0
0.0
0.0
0.0
0.0
0.0
0.0
0.0
0.09000110626220703
0.0
0.0
0.0
0.0
0.0
0.0
0.0
0.0
0.0
0.09000062942504883
0.0
0.0
0.0
0.0
0.0
0.0
0.0
0.0
0.0
0.0880289077758789
0.0
0.0
0.0
0.0
0.0
0.0
0.0
0.0
0.0
0.09100103378295898
0.0
0.0
0.0
0.0
0.0
0.0
0.0
0.0
0.0
0.08942198753356934
0.0
0.0
0.0
0.0
0.0
0.0
0.0
0.0
0.0
0.08900022506713867
0.0
0.0
0.0
0.0
0.0
0.0
0.0
0.0
0.0
0.09000158309936523
0.0
0.0
0.0
0.0
0.0
0.0
0.0
0.0
0.0
0.09100198745727539
0.0
0.0
0.0
0.0
0.0
0.0
0.0
0.0
0.0
0.09000110626220703
0.0
0.0
0.0
0.0
0.0
0.0
0.0
0.0
0.0
0.08954119682312012
0.0
0.0
0.0
0.0
0.0
0.0
0.0
0.0
0.0
0.08899903297424316
0.0
0.0
0.0
0.0
0.0
0.0
0.0
0.0
0.0
0.09000086784362793
0.0
0.0
0.0
0.0
0.0
0.0
0.0
0.0
0.0
0.09100079536437988
0.0
0.0
0.0
0.0
0.0
0.0
0.0
0.0
0.0
0.08902668952941895
0.0
0.0
0.0
0.0
0.0
0.0
0.0
0.0
0.0
0.08700037002563477
0.0
0.0
0.0
0.0
0.0
0.0
0.0
0.0
0.0
0.0899972915649414
0.0
0.0
0.0
0.0
0.0
0.0
0.0
0.0
0.0
0.08898448944091797
0.0
0.0
0.0
0.0
0.0
0.0
0.0
0.0
0.0
0.08599424362182617
0.0
0.0010018348693847656
0.0
0.0
0.0
0.0
0.0
0.0
0.0
0.08799982070922852
0.0
0.0
0.0
0.0
0.0
0.0
0.0
0.0
0.0
0.08800697326660156
0.0
0.0
0.0
0.0
0.0
0.0
0.0
0.0
0.0
0.0899965763092041
0.0
0.0
0.0
0.0
0.0
0.0
0.0
0.0
0.0
0.08902978897094727
0.0
0.0
0.0
0.0
0.0
0.0
0.0
0.0
0.0
0.08803296089172363
0.0
0.0
0.0
0.0
0.0
0.0
0.0
0.0
0.0
0.08902668952941895
0.0
0.0
0.0
0.0
0.0
0.0
0.0
0.0
0.0
0.08899259567260742
0.0
0.0
0.0
0.0
0.0
0.0
0.0
0.0
0.0
0.09002470970153809
0.0
0.0
0.0
0.0
0.0
0.0
0.0
0.0
0.0
0.08902668952941895
0.0
0.0
0.0
0.0
0.0
0.0
0.0
0.0
0.0
0.08902573585510254
0.0
0.0
0.0
0.0
0.0
0.0
0.0
0.0
0.0
0.09030747413635254
0.0
0.0
0.0
0.0
0.0
0.0
0.0
0.0
0.0
0.09100055694580078
0.0
0.0
0.0
0.0
0.0
0.0
0.0
0.0
0.0
0.09000062942504883
0.0
0.0
0.0
0.0
0.0
0.0
0.0
0.0
0.0
0.08999967575073242
0.0
0.0
0.0
0.0
0.0
0.0
0.0
0.0
0.0
0.08899879455566406
0.0
0.0
0.0
0.0
0.0
0.0
0.0
0.0
0.0
0.09200000762939453
0.0
0.0
0.0
0.0
0.0
0.0
0.0
0.0
0.0
0.09100008010864258
0.0
0.0
0.0
0.0
0.0
0.0
0.0
0.0
0.0
0.09000134468078613
0.0
0.0
0.0
0.0
0.0
0.0
0.0
0.0
0.0
0.09099960327148438
0.0
0.0
0.0
0.0010006427764892578
0.0
0.0
0.0
0.0
0.0
0.08900046348571777
0.0
0.0
0.0
0.0
0.0
0.0
0.0
0.0
0.0
0.09000015258789062
0.0
0.0
0.0
0.0
0.0
0.0
0.0
0.0
0.0
0.09203171730041504
0.0
0.0
0.0
0.0
0.0
0.0
0.0
0.0
0.0
0.09202957153320312
0.0
0.0
0.0
0.0009999275207519531
0.0
0.0
0.0
0.0
0.0
0.09103155136108398
0.0
0.0
0.0
0.0
0.0
0.0
0.0
0.0
0.0
0.09100008010864258
0.0
0.0
0.0
0.0
0.0
0.0
0.0
0.0
0.0
0.09499955177307129
0.0
0.0
0.0
0.0
0.0
0.0
0.0
0.0
0.0
0.08902382850646973
0.0
0.0
0.0
0.0
0.0
0.0
0.0
0.0
0.0
0.09299874305725098
0.0
0.0
0.0
0.0
0.0
0.0
0.0
0.0
0.0
0.09002423286437988
0.0
0.0
0.0
0.0
0.0
0.0
0.0
0.0
0.0
0.09302401542663574
0.0
0.0
0.0
0.0
0.0
0.0
0.0
0.0
0.0
0.0900261402130127
0.0
0.0
0.0
0.0
0.0
0.0
0.0
0.0
0.0
0.09600019454956055
0.0
0.0
0.0
0.0
0.0
0.0
0.0
0.0
0.0
0.08699941635131836
0.0
0.0
0.0
0.0
0.0
0.0
0.0
0.0
0.0
0.09499788284301758
0.0
0.0
0.0
0.0
0.0
0.0
0.0
0.0
0.0
0.09003186225891113
0.0
0.0
0.0
0.0
0.0
0.0
0.0
0.0
0.0
0.08999896049499512
0.0
0.0
0.0
0.0
0.0
0.0
0.0
0.0
0.0
0.09002137184143066
0.0
0.0
0.0
0.0
0.0
0.0
0.0
0.0
0.0
0.08902359008789062
0.0
0.0
0.0
0.0
0.0
0.0
0.0
0.0
0.0
0.09000134468078613
0.0
0.0
0.0
0.0
0.0
0.0
0.0
0.0
0.0
0.09102559089660645
0.0
0.0
0.0
0.0
0.0
0.0
0.0
0.0
0.0
0.09102392196655273
0.0
0.0
0.0
0.0
0.0
0.0
0.0
0.0
0.0
0.09502363204956055
0.0
0.0
0.0
0.0
0.0
0.0
0.0
0.0
0.0
0.09199976921081543
0.0
0.0
0.0
0.0
0.0
0.0
0.0
0.0
0.0
0.09002923965454102
0.0
0.0
0.0
0.0
0.0
0.0
0.0
0.0
0.0
0.08896970748901367
0.0
0.0
0.0
0.0
0.0
0.0
0.0
0.0
0.0
0.09003067016601562
0.0
0.0
0.0
0.0
0.0
0.0
0.0
0.0
0.0
0.0910024642944336
0.0
0.0
0.0
0.0
0.0
0.0
0.0
0.0
0.0
0.09000134468078613
0.0
0.0
0.0
0.0
0.0
0.0
0.0
0.0
0.0
0.09200119972229004
0.0
0.0
0.0
0.0
0.0
0.0
0.0
0.0
0.0
0.09099817276000977
0.0
0.0
0.0
0.0
0.0
0.0
0.0
0.0
0.0
0.0989999771118164
0.0
0.0
0.0
0.0
0.0
0.0
0.0
0.0
0.0
0.08899950981140137
0.0
0.0
0.0
0.0
0.0
0.0
0.0
0.0
0.0
0.0889577865600586
0.0
0.0
0.0
0.0
0.0
0.0
0.0
0.0
0.0
0.09100127220153809
0.0
0.0
0.0
0.0
0.0
0.0
0.0
0.0
0.0
0.09199953079223633
0.0
0.0
0.0
0.0
0.0
0.0
0.0
0.0
0.0
0.09003067016601562
0.0
0.0
0.0
0.0
0.0
0.0
0.0
0.0
0.0
0.08900117874145508
0.0
0.0
0.0
0.0
0.0
0.0
0.0
0.0
0.0
0.09100151062011719
0.0
0.0
0.0
0.0
0.0
0.0
0.0
0.0
0.0
0.08701205253601074
0.0
0.0
0.0
0.0
0.0
0.0
0.0
0.0
0.0
0.09057831764221191
0.0
0.0
0.0
0.0
0.0
0.0
0.0
0.0
0.0
0.08851218223571777
0.0
0.0
0.0
0.0
0.0
0.0
0.0
0.0
0.0
0.08807492256164551
0.0
0.0
0.0
0.0
0.0
0.0
0.0
0.0
0.0
0.08899927139282227
0.0
0.0
0.0
0.0
0.0
0.0
0.0
0.0
0.0
0.09199953079223633
0.0
0.0
0.0
0.0
0.0
0.0
0.0
0.0
0.0
0.10199999809265137
0.0
0.0
0.0
0.0
0.0
0.0
0.0
0.0
0.0
0.09003043174743652
0.0
0.0
0.0
0.0
0.0
0.0
0.0
0.0
0.0
0.09000039100646973
0.0
0.0
0.0
0.0
0.0
0.0
0.0
0.0
0.0
0.09002995491027832
0.0
0.0
0.0
0.0
0.0
0.0
0.0
0.0
0.0
0.08899974822998047
0.0
0.0
0.0
0.0
0.0
0.0
0.0
0.0
0.0
0.09003067016601562
0.0
0.0
0.0
0.0
0.0
0.0
0.0
0.0
0.0
0.09099984169006348
0.0
0.0
0.0
0.0
0.0
0.0
0.0
0.0
0.0
0.09002375602722168
0.0
0.0
0.0
0.0
0.0
0.0
0.0
0.0
0.0
0.09071874618530273
0.0
0.0
0.0
0.0
0.0
0.0
0.0
0.0
0.0
0.08799934387207031
0.0
0.0
0.0
0.0
0.0
0.0
0.0
0.0
0.0
0.08999991416931152
0.0
0.0
0.0
0.0
0.0
0.0
0.0
0.0
0.0
0.09000134468078613
0.0
0.0
0.0
0.0
0.0
0.0
0.0
0.0
0.0
0.08999991416931152
0.0
0.0
0.0
0.0
0.0
0.0
0.0
0.0
0.0
0.08899879455566406
0.0
0.0
0.0
0.0
0.0
0.0
0.0
0.0
0.0
0.08898401260375977
0.0
0.0
0.0
0.0
0.0
0.0
0.0
0.0
0.0
0.09000015258789062
0.0
0.0
0.0
0.0
0.0
0.0
0.0
0.0
0.0
0.08999943733215332
0.0
0.0
0.0
0.0
0.0
0.0
0.0
0.0
0.0
0.09000015258789062
0.0
0.0
0.0
0.0
0.0
0.0
0.0
0.0
0.0
0.08899950981140137
0.0
0.0
0.0
0.0
0.0
0.0
0.0
0.0
0.0
0.09000062942504883
0.0
0.0
0.0
0.0
0.0
0.0
0.0
0.0
0.0
0.08900046348571777
0.0
0.0
0.0
0.0
0.0
0.0
0.0
0.0
0.0
0.08899903297424316
0.0
0.0
0.0
0.0
0.0
0.0
0.0
0.0
0.0
0.09000086784362793
0.0
0.0
0.0
0.0
0.0
0.0
0.0
0.0
0.0
0.08986639976501465
0.0
0.0
0.0
0.0
0.0
0.0
0.0
0.0
0.0
0.08904337882995605
0.0
0.0
0.0
0.0
0.0
0.0
0.0
0.0
0.0
0.08996391296386719
0.0
0.0
0.0
0.0
0.0
0.0
0.0
0.0
0.0
0.09100079536437988
0.0
0.0
0.0
0.0
0.0
0.0
0.0
0.0
0.0
0.09000086784362793
0.0
0.0
0.0
0.0
0.0
0.0
0.0
0.0
0.0
0.09100079536437988
0.0
0.0
0.0
0.0
0.0
0.0
0.0
0.0
0.0
0.08900189399719238
0.0
0.0
0.0
0.0
0.0
0.0
0.0
0.0
0.0
0.09000134468078613
0.0
0.0
0.0
0.0
0.0
0.0
0.0
0.0
0.0
0.08900070190429688
0.0
0.0
0.0
0.0
0.0
0.0
0.0
0.0
0.0
0.08899927139282227
0.0
0.0
0.0
0.0
0.0
0.0
0.0
0.0
0.0
0.08999967575073242
0.0
0.0010013580322265625
0.0
0.0
0.0
0.0
0.0
0.0
0.0
0.09000062942504883
0.0
0.0
0.0
0.0
0.0
0.0
0.0
0.0
0.0
0.08899974822998047
0.0
0.0
0.0
0.0
0.0
0.0
0.0
0.0
0.0
0.09000039100646973
0.0
0.0
0.0
0.0
0.0
0.0
0.0
0.0
0.0
0.09000062942504883
0.0
0.0
0.0
0.0
0.0
0.0
0.0
0.0
0.0
0.09000086784362793
0.0
0.0
0.0
0.0
0.0
0.0
0.0
0.0
0.0
0.08900952339172363
0.0
0.0
0.0
0.0
0.0
0.0
0.0
0.0
0.0
0.09000015258789062
0.0
0.0
0.0
0.0
0.0
0.0
0.0
0.0
0.0
0.09000062942504883
0.0
0.0
0.0
0.0
0.0
0.0
0.0
0.0
0.0
0.08900213241577148
0.0
0.0
0.0
0.0
0.0
0.0
0.0
0.0
0.0
0.08981728553771973
0.0
0.0
0.0
0.0
0.0
0.0
0.0
0.0
0.0
0.09000158309936523
0.0
0.0
0.0
0.0
0.0
0.0
0.0
0.0
0.0
0.09099960327148438
0.0
0.0
0.0
0.0
0.0
0.0
0.0
0.0
0.0
0.09000277519226074
0.0
0.0
0.0
0.0
0.0
0.0
0.0
0.0
0.0
0.08999991416931152
0.0
0.0
0.0
0.0
0.0
0.0
0.0010006427764892578
0.0
0.0
0.09000086784362793
0.0
0.0
0.0
0.0
0.0
0.0
0.0
0.0
0.0
0.09029412269592285
0.0
0.0
0.0
0.0
0.0
0.0
0.0
0.0
0.0
0.09000134468078613
0.0
0.0
0.0
0.0
0.0
0.0
0.0
0.0
0.0
0.0930025577545166
0.0
0.0
0.0
0.0
0.0
0.0
0.0
0.0
0.0
0.08999943733215332
0.0
0.0
0.0
0.0
0.0
0.0
0.0
0.0
0.0
0.09300017356872559
0.0
0.0
0.0
0.0
0.0
0.0
0.0
0.0
0.0
0.0899972915649414
0.0
0.0
0.0
0.0
0.0
0.0
0.0
0.0
0.0
0.09099912643432617
0.0
0.0
0.0
0.0
0.0
0.0
0.0
0.0
0.0
0.09102845191955566
0.0
0.0
0.0
0.0
0.0
0.0
0.0
0.0
0.0
0.09399819374084473
0.0
0.0
0.0
0.0
0.0
0.0
0.0
0.0
0.0
0.09103012084960938
0.0
0.0
0.0
0.0
0.0
0.0
0.0
0.0
0.0
0.09102678298950195
0.0
0.0
0.0
0.0
0.0
0.0
0.0
0.0
0.0
0.08999848365783691
0.0
0.0
0.0
0.0
0.0
0.0
0.0
0.0
0.0
0.08999967575073242
0.0
0.0
0.0
0.0
0.0
0.0
0.0
0.0
0.0
0.09200119972229004
0.0
0.0
0.0
0.0
0.0
0.0
0.0
0.0
0.0
0.09002327919006348
0.0
0.0
0.0
0.0
0.0
0.0
0.0
0.0
0.0
0.09001660346984863
0.0
0.0
0.0
0.0
0.0
0.0
0.0
0.0
0.0
0.0930018424987793
0.0
0.0
0.0
0.0
0.0
0.0
0.0
0.0
0.0
0.08900094032287598
0.0
0.0
0.0
0.0
0.0
0.0
0.0
0.0
0.0
0.1009988784790039
0.0
0.0
0.0
0.0
0.0
0.0
0.0
0.0
0.0
0.09000158309936523
0.0
0.0
0.0
0.0
0.0
0.0
0.0
0.0
0.0
0.08802437782287598
0.0
0.0
0.0
0.0
0.001001596450805664
0.0
0.0
0.0
0.0
0.08900070190429688
0.0
0.0
0.0
0.0
0.0
0.0
0.0
0.0
0.0
0.09300065040588379
0.0
0.0
0.0
0.0
0.0
0.0
0.0
0.0
0.0
0.09000182151794434
0.0
0.0
0.0
0.0
0.0
0.0
0.0
0.0
0.0
0.09199905395507812
0.0
0.0
0.0
0.0
0.0
0.0
0.0
0.0
0.0
0.09000062942504883
0.0
0.0
0.0
0.0
0.0
0.0
0.0
0.0
0.0
0.08946418762207031
0.0
0.0
0.0
0.0
0.0
0.0
0.0
0.0
0.0
0.08799886703491211
0.0
0.0
0.0
0.0
0.0
0.0
0.0
0.0
0.0
0.08999919891357422
0.0
0.0
0.0
0.0
0.0
0.0
0.0
0.0
0.0
0.09000802040100098
0.0
0.0
0.0
0.0
0.0
0.0
0.0
0.0
0.0
0.09099888801574707
0.0
0.0
0.0
0.0
0.0
0.0
0.0
0.0
0.0
0.09099984169006348
0.0
0.0
0.0
0.0
0.0
0.0
0.0
0.0
0.0
0.09199953079223633
0.0
0.0
0.0
0.0
0.0
0.0
0.0
0.0
0.0
0.08900117874145508
0.0
0.0
0.0
0.0
0.0
0.0
0.0
0.0
0.0
0.09099984169006348
0.0
0.0
0.0
0.0
0.0
0.0
0.0
0.0
0.0
0.09100055694580078
0.0
0.0
0.0
0.0
0.0
0.0
0.0
0.0
0.0
0.09200143814086914
0.0
0.0
0.0
0.0
0.0
0.0
0.0
0.0
0.0
0.08699989318847656
0.0
0.0
0.0
0.0
0.0
0.0
0.0
0.0
0.0
0.09000086784362793
0.0
0.0
0.0
0.0
0.0
0.0
0.0
0.0
0.0
0.08999919891357422
0.0
0.0
0.0
0.0
0.0
0.0
0.0
0.0
0.0
0.09099960327148438
0.0
0.0
0.0
0.0
0.0
0.0
0.0
0.0
0.0
0.08899855613708496
0.0
0.0
0.0
0.0
0.0
0.0
0.0
0.0
0.0
0.0930025577545166
0.0
0.0
0.0
0.0
0.0
0.0
0.0
0.0
0.0
0.08999896049499512
0.0
0.0
0.0
0.0
0.0
0.0
0.0
0.0
0.0
0.08999896049499512
0.0
0.0
0.0
0.0
0.0
0.0
0.0
0.0
0.0
0.09003305435180664
0.0
0.0
0.0
0.0
0.0
0.0
0.0
0.0
0.0
0.09103155136108398
0.0
0.0
0.0
0.0
0.0
0.0
0.0
0.0
0.0
0.09200072288513184
0.0
0.0
0.0
0.0
0.0
0.0
0.0
0.0
0.0
0.09100127220153809
0.0
0.0
0.0
0.0
0.0
0.0
0.0
0.0
0.0
0.08999919891357422
0.0
0.0
0.0
0.0
0.0
0.0
0.0
0.0
0.0
0.09003090858459473
0.0
0.0
0.0
0.0
0.0
0.0
0.0
0.0
0.0
0.09219527244567871
0.0
0.0
0.0
0.0
0.0
0.0
0.0
0.0
0.0
0.09000110626220703
0.0
0.0
0.0
0.0
0.0
0.0
0.0
0.0
0.0
0.09062409400939941
0.0
0.0
0.0
0.0
0.0
0.0
0.0
0.0
0.0
0.09120941162109375
0.0
0.0
0.0
0.0
0.0
0.0
0.0
0.0
0.0
0.09162425994873047
0.0
0.0
0.0
0.0
0.0
0.0
0.0
0.0
0.0
0.09200096130371094
0.0
0.0
0.0
0.0
0.0
0.0
0.0
0.0
0.0
0.09192252159118652
0.0
0.0
0.0
0.0
0.0
0.0
0.0
0.0
0.0
0.08899807929992676
0.0
0.0
0.0
0.0
0.0
0.0
0.0
0.0
0.0
0.08899879455566406
0.0
0.0
0.0
0.0
0.0
0.0
0.0
0.0
0.0
0.09100103378295898
0.0
0.0
0.0
0.0
0.0
0.0
0.0
0.0
0.0
0.09100031852722168
0.0
0.0
0.0
0.0
0.0
0.0
0.0
0.0
0.0
0.09000086784362793
0.0
0.0
0.0
0.0
0.0
0.0
0.0
0.0
0.0
0.08999824523925781
0.0
0.0
0.0
0.0
0.0
0.0010008811950683594
0.0
0.0
0.0
0.09000086784362793
0.0
0.0
0.0
0.0
0.0
0.0
0.0
0.0
0.0
0.09300017356872559
0.0
0.0
0.0
0.0
0.0
0.0
0.0
0.0
0.0
0.09139013290405273
0.0
0.0
0.0
0.0
0.0
0.0
0.0
0.0
0.0
0.0920562744140625
0.0
0.0
0.0
0.0
0.0
0.0
0.0
0.0
0.0
0.10399961471557617
0.0
0.0
0.0
0.0
0.0
0.0
0.0
0.0
0.0
0.09000039100646973
0.0
0.0
0.0
0.0
0.0
0.0
0.0
0.0
0.0
0.09100151062011719
0.0
0.0
0.0
0.0
0.0
0.0
0.0
0.0
0.0
0.09099912643432617
0.0
0.0
0.0
0.0
0.0
0.0
0.0
0.0
0.0
0.08899950981140137
0.0
0.0
0.0
0.0
0.0
0.0
0.0
0.0
0.0
0.08903026580810547
0.0
0.0
0.0
0.0
0.0
0.0
0.0
0.0
0.0
0.08900117874145508
0.0
0.0
0.0
0.0
0.0
0.0
0.0
0.0
0.0
0.0910332202911377
0.0
0.0
0.0
0.0
0.0
0.0
0.0
0.0
0.0
0.08999919891357422
0.0
0.0
0.0
0.001001119613647461
0.0
0.0
0.0
0.0
0.0
0.08799386024475098
0.0
0.0
0.0
0.0
0.0
0.0
0.0
0.0
0.0
0.09104442596435547
0.0
0.0
0.0
0.0
0.0
0.0
0.0
0.0
0.0
0.09300065040588379
0.0
0.0
0.0
0.0
0.0
0.0
0.0
0.0
0.0
0.09000182151794434
0.0
0.0
0.0
0.0
0.0
0.0
0.0
0.0
0.0
0.09000039100646973
0.0
0.0
0.0
0.0
0.0
0.0
0.0
0.0
0.0
0.09000039100646973
0.0
0.0
0.0
0.0
0.0
0.0
0.0
0.0
0.0
0.09000086784362793
0.0
0.0
0.0
0.0
0.0
0.0
0.0
0.0
0.0
0.09100174903869629
0.0
0.0
0.0
0.0
0.0
0.0
0.0
0.0
0.0
0.08899998664855957
0.0
0.0
0.0
0.0
0.0
0.0
0.0
0.0
0.0
0.09000110626220703
0.0
0.0
0.0
0.0
0.0
0.0
0.0
0.0
0.0
0.08999919891357422
0.0
0.0
0.0
0.0
0.0
0.0
0.0
0.0
0.0
0.08899974822998047
0.0
0.0
0.0
0.0
0.0
0.0
0.0
0.0
0.0
0.08900070190429688
0.0
0.0
0.0
0.0
0.0
0.0
0.0
0.0
0.0
0.09000277519226074
0.0
0.0
0.0
0.0
0.0
0.0
0.0
0.0
0.0
0.08899974822998047
0.0
0.0
0.0
0.0
0.0
0.0
0.0
0.0
0.0
0.0930013656616211
0.0
0.0
0.0
0.0
0.0
0.0
0.0
0.0
0.0
0.09400033950805664
0.0
0.0
0.0
0.0
0.0
0.0
0.0
0.0
0.0
0.08999943733215332
0.0
0.0
0.0
0.0
0.0
0.0
0.0
0.0
0.0
0.09000015258789062
0.0
0.0
0.0
0.0
0.0
0.0
0.0
0.0
0.0
0.09000134468078613
0.0
0.0
0.0
0.0
0.0
0.0
0.0
0.0
0.0
0.09100055694580078
0.0
0.0
0.0
0.0
0.0
0.0
0.0
0.0
0.0
0.10199999809265137
0.0
0.0
0.0
0.0
0.0
0.0
0.0
0.0
0.0
0.09099841117858887
0.0
0.0
0.0
0.001001119613647461
0.0
0.0
0.0
0.0
0.0
0.09000039100646973
0.0
0.0
0.0
0.0
0.0
0.0
0.0
0.0
0.0
0.09000110626220703
0.0
0.0
0.0
0.0
0.0
0.0
0.0
0.0
0.0
0.09003019332885742
0.0
0.0
0.0
0.0
0.0
0.0
0.0
0.0
0.0
0.09100151062011719
0.0
0.0
0.0
0.0
0.0
0.0
0.0
0.0
0.0
0.09200048446655273
0.0
0.0
0.0
0.0
0.0
0.0
0.0
0.0
0.0
0.08899974822998047
0.0
0.0
0.0
0.0
0.0
0.0
0.0
0.0
0.0
0.08899855613708496
0.0
0.0
0.0
0.0
0.0
0.0
0.0
0.0
0.0
0.08899950981140137
0.0
0.0
0.0
0.0
0.0
0.0
0.0
0.0
0.0
0.09000062942504883
0.0
0.0
0.0
0.0
0.0
0.0
0.0
0.0
0.0
0.09100055694580078
0.0
0.0
0.0
0.0
0.0
0.0
0.0
0.0
0.0
0.09000039100646973
0.0
0.0
0.0
0.0
0.0
0.0
0.0
0.0
0.0
0.08902406692504883
0.0
0.0
0.0
0.0
0.0
0.0
0.0
0.0
0.0
0.09097743034362793
0.0
0.0
0.0
0.0
0.0
0.0
0.0
0.0
0.0
0.09002518653869629
0.0
0.0
0.0
0.0
0.0
0.0
0.0
0.0
0.0
0.08899807929992676
0.0
0.0
0.0
0.0
0.0
0.0
0.0
0.0
0.0
0.08999896049499512
0.0
0.0
0.0
0.0
0.0
0.0
0.0
0.0
0.0
0.09000062942504883
0.0
0.0
0.0
0.001001119613647461
0.0
0.0
0.0
0.0
0.0
0.09400200843811035
0.0
0.0
0.0
0.0
0.0
0.0
0.0
0.0
0.0
0.08899879455566406
0.0
0.0
0.0
0.0
0.0
0.0
0.0
0.0
0.0
0.09134650230407715
0.0
0.0
0.0
0.0
0.0
0.0
0.0
0.0
0.0
0.09171080589294434
0.0
0.0
0.0
0.0
0.0
0.0
0.0
0.0
0.0
0.08886885643005371
0.0
0.0
0.0
0.0
0.0
0.0
0.0
0.0
0.0
0.10800004005432129
0.0
0.0
0.0
0.0
0.0
0.0
0.0
0.0
0.0
0.09102892875671387
0.0
0.0
0.0
0.0
0.0
0.0
0.0
0.0
0.0
0.09100008010864258
0.0
0.0
0.0
0.0
0.0
0.0
0.0
0.0
0.0
0.08999943733215332
0.0
0.0
0.0
0.0
0.0
0.0
0.0
0.0
0.0
0.09054708480834961
0.0
0.0
0.0
0.0
0.0
0.0
0.0
0.0
0.0
0.09199953079223633
0.0
0.0
0.0
0.0
0.0
0.0
0.0
0.0
0.0
0.08900189399719238
0.0
0.0
0.0
0.0
0.0
0.0
0.0
0.0
0.0
0.09100198745727539
0.0
0.0
0.0
0.0
0.0
0.0
0.0
0.0
0.0
0.09099960327148438
0.0
0.0
0.0
0.0
0.0
0.0
0.0
0.0
0.001001596450805664
0.09000134468078613
0.0
0.0
0.0
0.0
0.0
0.0
0.0
0.0
0.0
0.09200096130371094
0.0
0.0
0.0
0.0
0.0
0.0
0.0
0.0
0.0
0.09000062942504883
0.0
0.0
0.0
0.0
0.0
0.0
0.0
0.0
0.0
0.08896946907043457
0.0
0.0
0.0
0.0
0.0
0.0
0.0
0.0
0.0
0.09116530418395996
0.0
0.0
0.0
0.0
0.0
0.0
0.0
0.0
0.0
0.09189248085021973
0.0
0.0
0.0
0.0
0.0
0.0
0.0
0.0
0.0
0.10300159454345703
0.0
0.0
0.0
0.0
0.0
0.0
0.0
0.0
0.0
0.09100103378295898
0.0
0.0
0.0
0.0
0.0
0.0
0.0
0.0
0.0
0.09000039100646973
0.0
0.0
0.0
0.0
0.0
0.0
0.0
0.0
0.0
0.08899950981140137
0.0
0.0
0.0
0.0
0.0
0.0
0.0
0.0
0.0
0.09000134468078613
0.0
0.0
0.0
0.0
0.0
0.0
0.0
0.0
0.0
0.09009361267089844
0.0
0.0
0.0
0.0
0.0
0.0
0.0
0.0
0.0
0.08999991416931152
0.0
0.0
0.0
0.0
0.0
0.0
0.0
0.0
0.0
0.0888051986694336
0.0
0.0
0.0
0.0
0.0
0.0
0.0
0.0
0.0
0.08900070190429688
0.0
0.0
0.0
0.0
0.0
0.0
0.0
0.0
0.0
0.09011244773864746
0.0
0.0
0.0
0.0
0.0
0.0
0.0
0.0
0.0
0.09100127220153809
0.0
0.0
0.0
0.0
0.0
0.0
0.0
0.0
0.0
0.08899998664855957
0.0
0.0
0.0010006427764892578
0.0
0.0
0.0
0.0
0.0
0.0
0.08899927139282227
0.0
0.0
0.0
0.0
0.0
0.0
0.0
0.0
0.0
0.09100055694580078
0.0
0.0
0.0
0.0
0.0
0.0
0.0
0.0
0.0
0.09000062942504883
0.0
0.0
0.0
0.0
0.0
0.0
0.0
0.0
0.0
0.08999967575073242
0.0
0.0
0.0
0.0
0.0
0.0
0.0
0.0
0.0
0.09076738357543945
0.0
0.0
0.0
0.0
0.0
0.0
0.0
0.0
0.0
0.09045267105102539
0.0
0.0
0.0
0.0
0.0
0.0
0.0
0.0
0.0
0.09034419059753418
0.0
0.0
0.0
0.0
0.0
0.0
0.0
0.0
0.0
0.09000062942504883
0.0
0.0
0.0
0.0
0.0
0.0
0.0
0.0
0.0
0.09100031852722168
0.0
0.0
0.0
0.0
0.0
0.0
0.0
0.0
0.0
0.08999991416931152
0.0
0.0
0.0
0.0
0.0
0.0
0.0
0.0
0.0
0.09081578254699707
0.0
0.0
0.0
0.0
0.0
0.0
0.0
0.0
0.0
0.09000039100646973
0.0
0.0
0.0
0.0
0.0
0.0
0.0
0.0
0.0
0.09000015258789062
0.0
0.0
0.0
0.0
0.0
0.0
0.0
0.0
0.0
0.08999872207641602
0.0
0.0
0.0
0.0
0.0
0.0
0.0
0.0
0.0
0.09034228324890137
0.0
0.0
0.0
0.0
0.0
0.0
0.0
0.0
0.0
0.09092903137207031
0.0
0.0
0.0
0.0
0.0
0.0
0.0
0.0
0.0
0.09045028686523438
0.0
0.0
0.0
0.0
0.0
0.0
0.0
0.0
0.0
0.08900094032287598
0.0
0.0
0.0
0.0
0.0
0.0
0.0
0.0
0.0
0.08899927139282227
0.0
0.0
0.0
0.0
0.0
0.0
0.0
0.0
0.0
0.090972900390625
0.0
0.0
0.0
0.0
0.0
0.0
0.0
0.0
0.0
0.09000086784362793
0.0
0.0
0.0
0.0
0.0
0.0
0.0
0.0
0.0
0.08997654914855957
0.0
0.0
0.0
0.0
0.0
0.0
0.0
0.0
0.0
0.09000086784362793
0.0
0.0
0.0
0.0
0.0
0.0
0.0
0.0
0.0
0.09097123146057129
0.0
0.0
0.0
0.0
0.0
0.0
0.0
0.0
0.0
0.09002971649169922
0.0
0.0
0.0
0.0
0.0
0.0
0.0
0.0
0.0
0.09000539779663086
0.0
0.0
0.0
0.0
0.0
0.0
0.0
0.0
0.0
0.08997559547424316
0.0
0.0
0.0
0.0
0.0
0.0
0.0
0.0
0.0
0.09069252014160156
0.0
0.0
0.0
0.0
0.0
0.0
0.0
0.0
0.0
0.09000110626220703
0.0
0.0
0.0
0.0
0.0
0.0
0.0
0.0
0.0
0.08899903297424316
0.0
0.0
0.0
0.0
0.0
0.0
0.0
0.0
0.0
0.08899831771850586
0.0
0.0
0.0
0.0
0.0
0.0
0.0
0.0
0.0
0.08902907371520996
0.0
0.0
0.0
0.0
0.0
0.0
0.0
0.0
0.0
0.09003019332885742
0.0
0.0
0.0
0.0
0.0
0.0
0.0
0.0
0.0
0.08916044235229492
0.0
0.0
0.0
0.0
0.0
0.0
0.0
0.0
0.0
0.09060239791870117
0.0
0.0
0.0
0.0
0.0
0.0
0.0
0.0
0.0
0.08899998664855957
0.0
0.0
0.0
0.0
0.0
0.0
0.0
0.0
0.0
0.08999967575073242
0.0
0.0
0.0
0.0
0.0
0.0
0.0
0.0
0.0
0.09000062942504883
0.0
0.0
0.0
0.0
0.0
0.0
0.0
0.0
0.0
0.08999967575073242
0.0
0.0
0.0
0.0
0.0
0.0
0.0
0.0
0.0
0.09000015258789062
0.0
0.0
0.0
0.0
0.0
0.0
0.0
0.0
0.0
0.09000134468078613
0.0
0.0
0.0
0.0
0.0
0.0
0.0
0.0
0.0
0.09100079536437988
0.0
0.0
0.0
0.0
0.0
0.0
0.0
0.0
0.0
0.08899998664855957
0.0
0.0
0.0
0.0
0.0
0.0
0.0
0.0
0.0
0.09002971649169922
0.0
0.0
0.0
0.0
0.0
0.0
0.0
0.0
0.0
0.08899974822998047
0.0
0.0
0.0
0.0
0.0
0.0
0.0
0.0
0.0
0.08902883529663086
0.0
0.0
0.0
0.0
0.0
0.0
0.0
0.0
0.0
0.09002494812011719
0.0
0.0
0.0
0.0
0.0
0.0
0.0
0.0
0.0
0.09000110626220703
0.0
0.0
0.0
0.0
0.0
0.0
0.0
0.0
0.0
0.09002470970153809
0.0
0.0
0.0
0.0
0.0
0.0
0.0
0.0
0.0
0.08902502059936523
0.0
0.0
0.0
0.0
0.0
0.0
0.0
0.0
0.0
0.08997416496276855
0.0
0.0
0.0
0.0
0.0
0.0
0.0
0.0
0.0
0.08899354934692383
0.0
0.0
0.0
0.0
0.0
0.0
0.0
0.0
0.0
0.08902335166931152
0.0
0.0
0.0
0.0
0.0
0.0
0.0
0.0
0.0
0.08899927139282227
0.0
0.0
0.0
0.0
0.0
0.0
0.0
0.0
0.0
0.08900070190429688
0.0
0.0
0.0
0.0
0.0
0.0
0.0
0.0
0.0
0.08799982070922852
0.0
0.0
0.0
0.0
0.0
0.0
0.0
0.0
0.0
0.08997702598571777
0.0
0.0
0.0
0.0
0.0
0.0
0.0
0.0
0.0
0.0900263786315918
0.0
0.0
0.0
0.0
0.0
0.0
0.0
0.0
0.0
0.08997297286987305
0.0
0.0
0.0
0.0
0.0
0.0
0.0
0.0
0.0
0.08802437782287598
0.0
0.0
0.0
0.0
0.0
0.0
0.0
0.0
0.0
0.08999109268188477
0.0
0.0
0.0
0.0
0.0
0.0
0.0
0.0
0.0
0.08902335166931152
0.0
0.0
0.0
0.0
0.0
0.0
0.0
0.0
0.0
0.08902549743652344
0.0
0.0
0.0
0.0
0.0
0.0
0.0
0.0
0.0
0.09002494812011719
0.0
0.0
0.0
0.0
0.0
0.0
0.0
0.0
0.0
0.08900117874145508
0.0
0.0
0.0
0.0
0.0
0.0
0.0
0.0
0.0
0.08699893951416016
0.0
0.0
0.0
0.0
0.0
0.0
0.0
0.0
0.0
0.08899641036987305
0.0
0.0
0.0
0.0
0.0
0.0
0.0
0.0
0.0
0.0906362533569336
0.0
0.0
0.0
0.0
0.0
0.0
0.0
0.0
0.0
0.0923469066619873
0.0
0.0
0.0
0.0
0.0
0.0
0.0
0.0
0.0
0.08899998664855957
0.0
0.0
0.0
0.0
0.0
0.0
0.0
0.0
0.0
0.08899927139282227
0.0
0.0
0.0
0.0
0.0
0.0
0.0
0.0
0.0
0.09000015258789062
0.0
0.0
0.0
0.0
0.0
0.0
0.0
0.0
0.0
0.08899927139282227
0.0
0.0
0.0
0.0
0.0
0.0
0.0
0.0
0.0
0.09100198745727539
0.0
0.0
0.0
0.0
0.0
0.0
0.0
0.0
0.0
0.09100103378295898
0.0
0.0
0.0
0.0
0.0
0.0
0.0
0.0
0.0
0.08999896049499512
0.0
0.0
0.0
0.0
0.0
0.0
0.0
0.0
0.0
0.09000039100646973
0.0
0.0
0.0
0.0
0.0
0.0
0.0
0.0010004043579101562
0.0
0.08999896049499512
0.0
0.0
0.0
0.0
0.0
0.0
0.0
0.0
0.0
0.09000039100646973
0.0
0.0
0.0
0.0
0.0
0.0
0.0
0.0
0.0
0.08799910545349121
0.0
0.0
0.0
0.0
0.0
0.0
0.0
0.0
0.0
0.08900046348571777
0.0
0.0
0.0
0.0
0.0
0.0
0.0
0.0
0.0
0.08900117874145508
0.0
0.0
0.0
0.0
0.0
0.0
0.0
0.0
0.0
0.09000158309936523
0.0
0.0
0.0
0.0
0.0
0.0
0.0
0.0
0.0
0.09000062942504883
0.0
0.0
0.0
0.0
0.0
0.0
0.0
0.0
0.0
0.08900141716003418
0.0
0.0
0.0
0.0
0.0
0.0
0.0
0.0
0.0
0.0901944637298584
0.0
0.0
0.0
0.0
0.0
0.0
0.0
0.0
0.0
0.08897662162780762
0.0
0.0
0.0
0.0
0.0
0.0
0.0
0.0
0.0
0.08902788162231445
0.0
0.0
0.0
0.0
0.0
0.0
0.0
0.0
0.0
0.08999967575073242
0.0
0.0
0.0
0.0
0.0
0.0
0.0
0.0
0.0
0.09002423286437988
0.0
0.0
0.0
0.0
0.0
0.0
0.0
0.0
0.0
0.09003019332885742
0.0
0.0
0.0
0.0
0.0
0.0
0.0
0.0
0.0
0.09003138542175293
0.0
0.0
0.0
0.0
0.0
0.0
0.0
0.0
0.0
0.08997726440429688
0.0
0.0
0.0
0.0
0.0
0.0
0.0
0.0
0.0
0.08899903297424316
0.0
0.0
0.0
0.0
0.0
0.0
0.0
0.0
0.0
0.08899903297424316
0.0
0.0
0.0
0.0
0.0
0.0
0.0
0.0
0.0
0.08999967575073242
0.0
0.0
0.0
0.0
0.0
0.0
0.0
0.0
0.0
0.08900046348571777
0.0
0.0
0.0
0.0
0.0
0.0
0.0
0.0
0.0
0.08999872207641602
0.0
0.0
0.0
0.0
0.0
0.0
0.0
0.0
0.0
0.08899998664855957
0.0
0.0
0.0
0.0
0.0
0.0
0.0
0.0
0.0
0.08899855613708496
0.0
0.0
0.0
0.0
0.0
0.0
0.0
0.0
0.0
0.09007692337036133
0.0
0.0
0.0
0.0
0.0
0.0
0.0
0.0
0.0
0.08999967575073242
0.0
0.0
0.0
0.0
0.0
0.0
0.0
0.0
0.0
0.08900260925292969
0.0
0.0
0.0
0.0
0.0
0.0
0.0
0.0
0.0
0.08896756172180176
0.0
0.0
0.0
0.0
0.0
0.0
0.0
0.0
0.0
0.08986806869506836
0.0
0.0
0.0
0.0
0.0
0.0
0.0
0.0
0.0
0.09000110626220703
0.0
0.0
0.0
0.0
0.0
0.0
0.0
0.0
0.0
0.09000086784362793
0.0
0.0
0.0
0.0
0.0
0.0
0.0
0.0
0.0
0.09000039100646973
0.0
0.0
0.0
0.0
0.0
0.0
0.0
0.0
0.0
0.08980774879455566
0.0
0.0
0.0
0.0
0.0
0.0
0.0010006427764892578
0.0
0.0
0.09000062942504883
0.0
0.0
0.0
0.0
0.0
0.0
0.0
0.0
0.0
0.09000062942504883
0.0
0.0
0.0
0.0
0.0
0.0
0.0
0.0
0.0
0.08999919891357422
0.0
0.0
0.0
0.0
0.0
0.0
0.0
0.0
0.0
0.08899950981140137
0.0
0.0
0.0
0.0
0.0
0.0
0.0
0.0
0.0
0.09058284759521484
0.0
0.0
0.0
0.0
0.0
0.0
0.0
0.0
0.0
0.09000062942504883
0.0
0.0
0.0
0.0
0.0
0.0
0.0
0.0
0.0
0.09000062942504883
0.0
0.0
0.0
0.0
0.0
0.0
0.0
0.0
0.0
0.09100055694580078
0.0
0.0
0.0
0.0
0.0
0.0
0.0
0.0
0.0
0.08999919891357422
0.0
0.0
0.0
0.0
0.0
0.0
0.0
0.0
0.0
0.09000015258789062
0.0
0.0
0.0
0.0
0.0
0.0
0.0
0.0
0.0
0.08998990058898926
0.0
0.0
0.0
0.0
0.0
0.0
0.0
0.0
0.0
0.09039092063903809
0.0
0.0
0.0
0.0
0.0
0.0
0.0
0.0
0.0
0.08997440338134766
0.0
0.0
0.0
0.0
0.0
0.0
0.0
0.0
0.0
0.09103035926818848
0.0
0.0
0.0
0.0
0.0
0.0
0.0
0.0
0.0
0.09003162384033203
0.0
0.0
0.0
0.0
0.0
0.0
0.0
0.0
0.0
0.08899974822998047
0.0
0.0
0.0
0.0
0.0
0.0
0.0
0.0
0.0
0.09003233909606934
0.0
0.0
0.0
0.0
0.0
0.0
0.0
0.0
0.0
0.0900261402130127
0.0
0.0
0.0
0.0
0.0
0.0
0.0
0.0
0.0
0.08900165557861328
0.0
0.0
0.0
0.0
0.0
0.0
0.0
0.0
0.0
0.08897042274475098
0.0
0.0
0.0
0.0
0.0
0.0
0.0
0.0
0.0
0.08899998664855957
0.0
0.0
0.0
0.0
0.0
0.0
0.0
0.0
0.0
0.08997511863708496
0.0
0.0
0.0
0.0
0.0
0.0
0.0
0.0
0.0
0.08876609802246094
0.0
0.0
0.0
0.0
0.0
0.0
0.0
0.0
0.0
0.08999967575073242
0.0
0.0
0.0
0.0
0.0
0.0
0.0
0.0
0.0
0.08900117874145508
0.0
0.0
0.0
0.0
0.0
0.0
0.0
0.0
0.0
0.09000182151794434
0.0
0.0
0.0
0.0
0.0
0.0
0.0
0.0
0.0
0.08900094032287598
0.0
0.0
0.0
0.0
0.0
0.0
0.0
0.0
0.0
0.08900022506713867
0.0
0.0
0.0
0.0
0.0
0.0
0.0
0.0
0.0
0.08903026580810547
0.0
0.0
0.0
0.0
0.0
0.0
0.0
0.0
0.0
0.09000730514526367
0.0
0.0
0.0
0.0
0.0
0.0
0.0
0.0
0.0
0.09002995491027832
0.0
0.0
0.0
0.0
0.0
0.0
0.0
0.0
0.0
0.09000086784362793
0.0
0.0
0.0
0.0
0.0
0.0
0.0
0.0
0.0
0.08903026580810547
0.0
0.0
0.0
0.0
0.0010006427764892578
0.0
0.0
0.0
0.0
0.08899950981140137
0.0
0.0
0.0
0.0
0.0
0.0
0.0
0.0
0.0
0.09003186225891113
0.0
0.0
0.0
0.0
0.0
0.0
0.0
0.0
0.0
0.09096145629882812
0.0
0.0
0.0
0.0
0.0
0.0
0.0
0.0
0.0009999275207519531
0.08899998664855957
0.0
0.0
0.0
0.0
0.0
0.0
0.0
0.0
0.0
0.09000062942504883
0.0
0.0
0.0
0.0
0.0
0.0
0.0
0.0
0.0
0.08999514579772949
0.0
0.0
0.0
0.0
0.0
0.0
0.0
0.0
0.0
0.0900261402130127
0.0
0.0
0.0
0.0
0.0
0.0
0.0
0.0
0.0
0.09000062942504883
0.0
0.0
0.0
0.0
0.0
0.0
0.0
0.0
0.0
0.08999466896057129
0.0
0.0
0.0009758472442626953
0.0
0.0
0.0
0.0
0.0
0.0
0.09102702140808105
0.0
0.0
0.0
0.0
0.0
0.0
0.0
0.0
0.0
0.0900266170501709
0.0
0.0
0.0
0.0
0.0
0.0
0.0
0.0
0.0
0.08997225761413574
0.0
0.0
0.0
0.0
0.0
0.0
0.0
0.0
0.0
0.0890200138092041
0.0
0.0
0.0
0.0
0.0
0.0
0.0
0.0
0.0
0.09002876281738281
0.0
0.0
0.0
0.0
0.0
0.0
0.0
0.0
0.0
0.09002542495727539
0.0
0.0
0.0
0.0
0.0
0.0
0.0
0.0
0.0
0.08900737762451172
0.0
0.0
0.0
0.0
0.0
0.0
0.0
0.0
0.0
0.08899927139282227
0.0
0.0
0.0
0.0
0.0
0.0
0.0
0.0
0.0
0.08902692794799805
0.0
0.0
0.0
0.0
0.0
0.0
0.0
0.0
0.0
0.08902287483215332
0.0
0.0
0.0
0.0
0.0
0.0
0.0
0.0
0.0
0.08902502059936523
0.0
0.0
0.0
0.0
0.0
0.0
0.0
0.0
0.0
0.08899903297424316
0.0
0.0
0.0
0.0
0.0
0.0
0.0
0.0
0.0
0.08902382850646973
0.0
0.0
0.0
0.0
0.0
0.0
0.0
0.0
0.0
0.09002327919006348
0.0
0.0
0.0
0.0
0.0
0.0
0.0
0.0
0.0
0.08799862861633301
0.0
0.0
0.0
0.0
0.0
0.0
0.0
0.0
0.0
0.08999943733215332
0.0
0.0
0.0
0.0
0.0
0.0
0.0
0.0
0.0
0.09000062942504883
0.0
0.0
0.0
0.0
0.0
0.0
0.0
0.0
0.0
0.09000062942504883
0.0
0.0
0.0
0.0
0.0
0.0
0.0
0.0
0.0
0.08997178077697754
0.0
0.0
0.0
0.0
0.0
0.0
0.0
0.0
0.0
0.08899927139282227
0.0
0.0
0.0
0.0
0.0
0.0
0.0
0.0
0.0
0.08896970748901367
0.0
0.0
0.0
0.0
0.0
0.0
0.0
0.0
0.0
0.09002542495727539
0.0
0.0
0.0
0.0
0.0
0.0
0.0
0.0
0.0
0.09002494812011719
0.0
0.0
0.0
0.0
0.0
0.0
0.0
0.0
0.0
0.09002518653869629
0.0
0.0
0.0
0.0
0.0
0.0
0.0
0.0
0.0
0.08997631072998047
0.0
0.0
0.0
0.0
0.0
0.0
0.0
0.0
0.0
0.08902430534362793
0.0
0.0
0.0
0.0
0.0
0.0
0.0
0.0
0.0
0.09031867980957031
0.0
0.0
0.0
0.0
0.0
0.0
0.0
0.0
0.0
0.09000158309936523
0.0
0.0
0.0
0.0
0.0
0.0
0.0
0.0
0.0
0.09000062942504883
0.0
0.0
0.0
0.0
0.0
0.0
0.0
0.0
0.0
0.09000134468078613
0.0
0.0
0.0
0.0
0.0
0.0
0.0
0.0
0.0
0.09000062942504883
0.0
0.0
0.0
0.0
0.0
0.0
0.0
0.0
0.0
0.08903121948242188
0.0
0.0
0.0
0.0
0.0
0.0
0.0
0.0
0.0
0.09036850929260254
0.0
0.0
0.0
0.0
0.0
0.0
0.0
0.0
0.0
0.09060835838317871
0.0
0.0
0.0
0.0
0.0
0.0
0.0
0.0
0.0
0.09100079536437988
0.0
0.0
0.0
0.0
0.0
0.0
0.0
0.0
0.0
0.09000062942504883
0.0
0.0
0.0
0.0
0.0
0.0010006427764892578
0.0
0.0
0.0
0.08899950981140137
0.0
0.0
0.0
0.0
0.0
0.0
0.0
0.0
0.0
0.08899807929992676
0.0
0.0
0.0
0.0
0.0
0.0
0.0
0.0
0.0
0.09000062942504883
0.0
0.0
0.0
0.0
0.0
0.0
0.0
0.0
0.0
0.09000158309936523
0.0
0.0
0.0
0.0
0.0
0.0
0.0
0.0
0.0
0.09000182151794434
0.0
0.0
0.0
0.0
0.0
0.0
0.0
0.0
0.0
0.09100079536437988
0.0
0.0
0.0
0.0
0.0
0.0
0.0
0.0
0.0
0.09000062942504883
0.0
0.0
0.0
0.0
0.0
0.0
0.0
0.0
0.0
0.08899950981140137
0.0
0.0
0.0
0.0
0.0
0.0
0.0
0.0
0.0
0.09100031852722168
0.0
0.0010008811950683594
0.0
0.0
0.0
0.0
0.0
0.0
0.0
0.09000062942504883
0.0
0.0
0.0
0.0
0.0
0.0
0.0
0.0
0.0
0.08799958229064941
0.0
0.0
0.0
0.0
0.0
0.0
0.0
0.0
0.0
0.08999991416931152
0.0
0.0
0.0
0.0
0.0
0.0
0.0
0.0
0.0
0.09000039100646973
0.0
0.0
0.0
0.0
0.0
0.0
0.0
0.0
0.0
0.08999967575073242
0.0
0.0
0.0
0.0
0.0
0.0
0.0
0.0
0.0
0.09127449989318848
0.0
0.0
0.0
0.0
0.0
0.0
0.0
0.0
0.0
0.09054088592529297
0.0
0.0
0.0
0.0
0.0
0.0
0.0
0.0
0.0
0.09000015258789062
0.0
0.0
0.0
0.0
0.0
0.0
0.0
0.0
0.0
0.08999943733215332
0.0
0.0
0.0
0.0
0.0
0.0
0.0
0.0
0.0
0.09006428718566895
0.0
0.0
0.0
0.0
0.0
0.0
0.0
0.0
0.0
0.08899927139282227
0.0
0.0
0.0
0.0
0.0
0.0
0.0
0.0
0.0
0.08900094032287598
0.0
0.0
0.0
0.0
0.0
0.0
0.0
0.0
0.0
0.09102988243103027
0.0
0.0
0.0
0.0
0.0
0.0
0.0
0.0
0.0
0.09142041206359863
0.0
0.0
0.0
0.0
0.0
0.0
0.0
0.0
0.0
0.09100079536437988
0.0
0.0
0.0
0.0
0.0
0.0
0.0
0.0
0.0
0.09003925323486328
0.0
0.0
0.0
0.0
0.0
0.0
0.0
0.0
0.0
0.08900070190429688
0.0
0.0
0.0
0.0
0.0
0.0
0.0
0.0
0.0
0.08899903297424316
0.0
0.0
0.0
0.0
0.0
0.0
0.0
0.0
0.0
0.09076547622680664
0.0
0.0
0.0
0.0
0.0
0.0
0.0
0.0
0.0
0.08899974822998047
0.0
0.0
0.0
0.0
0.0
0.0
0.0
0.0
0.0
0.08900117874145508
0.0
0.0
0.0
0.0
0.0
0.0
0.0
0.0
0.0
0.09000086784362793
0.0
0.0
0.0
0.0
0.0
0.0
0.0
0.0
0.0
0.09000062942504883
0.0
0.0
0.0
0.0
0.0
0.0
0.0
0.0
0.0
0.09000110626220703
0.0
0.0
0.0
0.0
0.0
0.0
0.0
0.0
0.0
0.09000062942504883
0.0
0.0
0.0
0.0
0.0
0.0
0.0
0.0
0.0
0.08899855613708496
0.0
0.0
0.0
0.0
0.0
0.0
0.0
0.0
0.0
0.08900046348571777
0.0
0.0
0.0
0.0
0.0
0.0
0.0
0.0
0.0
0.08899998664855957
0.0
0.0
0.0
0.0
0.0
0.0
0.0
0.0
0.0
0.09100103378295898
0.0
0.0
0.0
0.0
0.0
0.0
0.0
0.0
0.0
0.09000062942504883
0.0
0.0
0.0
0.0
0.0
0.0
0.0
0.0
0.0
0.08899998664855957
0.0
0.0
0.0
0.0
0.0
0.0
0.0
0.0
0.0
0.08925247192382812
0.0
0.0
0.0
0.0
0.0
0.0
0.0
0.0
0.0
0.08900165557861328
0.0
0.0
0.0
0.0
0.0
0.0
0.0
0.0
0.0
0.09003138542175293
0.0
0.0
0.0
0.0
0.0
0.0
0.0
0.0
0.0
0.08903074264526367
0.0
0.0
0.0
0.0
0.0
0.0
0.0
0.0
0.0
0.08902716636657715
0.0
0.0
0.0
0.0
0.0
0.0
0.0
0.0
0.0
0.09000182151794434
0.0
0.0
0.0
0.0
0.0
0.0
0.0
0.0
0.0
0.08897018432617188
0.0
0.0
0.0
0.0
0.0
0.0
0.0
0.0
0.0
0.09100556373596191
0.0
0.0
0.0
0.0
0.0
0.0
0.0
0.0
0.0
0.08999919891357422
0.0
0.0
0.0
0.0
0.0
0.0
0.0
0.0
0.0
0.09066414833068848
0.0
0.0
0.0
0.0
0.0
0.0
0.0
0.0
0.0
0.08899974822998047
0.0
0.0
0.0
0.0
0.0
0.0
0.0
0.0
0.0
0.08899998664855957
0.0
0.0
0.0
0.0
0.0
0.0
0.0
0.0
0.0
0.08997178077697754
0.0
0.0
0.0
0.0
0.0
0.0
0.0
0.0
0.0
0.09002423286437988
0.0
0.0
0.0
0.0
0.0
0.0
0.0
0.0
0.0
0.08900022506713867
0.0
0.0
0.0
0.0
0.0
0.0
0.0
0.0
0.0
0.08899950981140137
0.0
0.0
0.0
0.0
0.0
0.0
0.0
0.0
0.0
0.08899927139282227
0.0
0.0
0.0
0.0
0.0
0.0
0.0
0.0
0.0
0.09100079536437988
0.0
0.0
0.0
0.0
0.0
0.0
0.0
0.0
0.0
0.08997368812561035
0.0
0.0
0.0
0.0
0.0
0.0
0.0
0.0
0.0
0.08902430534362793
0.0
0.0
0.0
0.0
0.0
0.0
0.0
0.0
0.0
0.08899903297424316
0.0
0.0
0.0
0.0
0.0
0.0
0.0
0.0
0.0
0.08999991416931152
0.0
0.0
0.0
0.0
0.0
0.0
0.0
0.0
0.0
0.09002399444580078
0.0
0.0
0.0
0.0
0.0
0.0
0.0
0.0
0.0
0.08902406692504883
0.0
0.0010004043579101562
0.0
0.0
0.0
0.0
0.0
0.0
0.0
0.09091734886169434
0.0
0.0
0.0
0.0
0.0
0.0
0.0
0.0
0.0
0.09000062942504883
0.0
0.0
0.0
0.0
0.0
0.0
0.0
0.0
0.0
0.08989429473876953
0.0
0.0
0.0
0.0
0.0
0.0
0.0
0.0
0.0
0.08943700790405273
0.0
0.0
0.0
0.0
0.0
0.0
0.0
0.0
0.0
0.09100103378295898
0.0
0.0
0.0
0.0
0.0
0.0
0.0
0.0
0.0
0.09100055694580078
0.0
0.0
0.0
0.0
0.0
0.0
0.0
0.0
0.0
0.08799934387207031
0.0
0.0
0.0
0.0
0.0
0.0
0.0
0.0
0.0
0.08900046348571777
0.0
0.0
0.0
0.0
0.0
0.0
0.0
0.0
0.0
0.09000062942504883
0.0
0.0
0.0
0.0
0.0
0.0
0.0
0.0
0.0
0.09002399444580078
0.0
0.0
0.0
0.0
0.0
0.0
0.0
0.0
0.0
0.09034132957458496
0.0
0.0
0.0
0.0
0.0
0.0
0.0
0.0
0.0
0.08820128440856934
0.0
0.0
0.0
0.0
0.0
0.0
0.0
0.0
0.0
0.09036827087402344
0.0
0.0
0.0
0.0
0.0
0.0
0.0
0.0
0.0
0.0879981517791748
0.0
0.0
0.0
0.0
0.0
0.0
0.0
0.0
0.0
0.08999896049499512
0.0
0.0
0.0
0.0
0.0
0.0
0.0
0.0
0.0
0.08999967575073242
0.0
0.0
0.0
0.0
0.0
0.0
0.0
0.0
0.0
0.09000110626220703
0.0
0.0
0.0
0.0
0.0
0.0
0.0
0.0
0.0
0.09000158309936523
0.0
0.0
0.0
0.0
0.0
0.0
0.0
0.0
0.0
0.08899950981140137
0.0
0.0
0.0
0.0
0.0
0.0
0.0
0.0
0.0
0.09000062942504883
0.0
0.0
0.0
0.0
0.0
0.0
0.0
0.0
0.0
0.09000039100646973
0.0
0.0
0.0
0.0
0.0
0.0
0.0
0.0
0.0
0.09100127220153809
0.0
0.0
0.0
0.0
0.0
0.0
0.0
0.0
0.0
0.08999943733215332
0.0010008811950683594
0.0
0.0
0.0
0.0
0.0
0.0
0.0
0.0
0.08999896049499512
0.0
0.0
0.0
0.0
0.0
0.0
0.0
0.0
0.0
0.08999991416931152
0.0
0.0
0.0
0.0
0.0
0.0
0.0
0.0
0.0
0.08999991416931152
0.0
0.0
0.0
0.0
0.0
0.0
0.0
0.0
0.0
0.08903336524963379
0.0
0.0
0.0
0.0
0.0
0.0
0.0
0.0
0.0
0.09097456932067871
0.0
0.0
0.0
0.0
0.0
0.0
0.0
0.0
0.0
0.09000086784362793
0.0
0.0
0.0
0.0
0.0
0.0
0.0
0.0
0.0
0.09000158309936523
0.0
0.0
0.0
0.0
0.0
0.0
0.0
0.0
0.0
0.09100055694580078
0.0
0.0
0.0
0.0
0.0
0.0
0.0
0.0
0.0
0.09256267547607422
0.0
0.0
0.0
0.0
0.0
0.0
0.0
0.0
0.0
0.08999991416931152
0.0
0.0
0.0
0.0
0.0
0.0
0.0
0.0
0.0
0.08900046348571777
0.0
0.0
0.0
0.0
0.0
0.0
0.0
0.0
0.0
0.08899903297424316
0.0
0.0
0.0
0.0
0.0
0.0
0.0
0.0
0.0
0.09000039100646973
0.0
0.0
0.0
0.0
0.0
0.0
0.0
0.0
0.0
0.09000110626220703
0.0
0.0
0.0
0.0
0.0
0.0
0.0
0.0
0.0
0.09000110626220703
0.0
0.0
0.0
0.0
0.0
0.0
0.0
0.0
0.0
0.09000039100646973
0.0
0.0
0.0
0.0
0.0
0.0
0.0
0.0
0.0
0.09100103378295898
0.0
0.0
0.0
0.0
0.0
0.0
0.0
0.0
0.0
0.08999919891357422
0.0
0.0
0.0
0.0
0.0
0.0
0.0
0.0
0.0
0.09000062942504883
0.0
0.0
0.0
0.0
0.0
0.0
0.0
0.0
0.0
0.09100103378295898
0.0
0.0
0.0
0.0
0.0
0.0
0.0
0.0
0.0
0.09000062942504883
0.0
0.0
0.0
0.0
0.0
0.0
0.0
0.0
0.0
0.08899736404418945
0.0
0.0
0.0
0.0
0.0
0.0
0.0
0.0
0.0
0.09000086784362793
0.0
0.0
0.0
0.0
0.0
0.0
0.0
0.0
0.0010004043579101562
0.09100127220153809
0.0
0.0
0.0
0.0
0.0
0.0
0.0
0.0
0.0
0.0879983901977539
0.0
0.0
0.0
0.0
0.0
0.0
0.0
0.0
0.0
0.08941864967346191
0.0
0.0
0.0
0.0
0.0
0.0
0.0
0.0
0.0
0.08803558349609375
0.0
0.0
0.0
0.0
0.0
0.0
0.0
0.0
0.0
0.08899950981140137
0.0
0.0
0.0
0.0
0.0
0.0
0.0
0.0
0.0
0.08999991416931152
0.0
0.0
0.0
0.0
0.0
0.0
0.0
0.0
0.0
0.09000158309936523
0.0
0.0
0.0
0.0
0.0
0.0
0.0
0.0
0.0
0.08900070190429688
0.0
0.0
0.0
0.0
0.0
0.0
0.0
0.0
0.0
0.09200191497802734
0.0
0.0
0.0
0.0
0.0
0.0
0.0
0.0
0.0
0.09000086784362793
0.0
0.0
0.0
0.0
0.0
0.0
0.0
0.0
0.0
0.08900094032287598
0.0
0.0
0.0
0.0
0.0
0.0
0.0
0.0
0.0
0.09000110626220703
0.0
0.0
0.0
0.0
0.0
0.0
0.0
0.0
0.0
0.09003019332885742
0.0
0.0
0.0
0.0
0.0
0.0
0.0
0.001001119613647461
0.0
0.08899950981140137
0.0
0.0
0.0
0.0
0.0
0.0
0.0
0.0
0.0
0.09000039100646973
0.0
0.0
0.0
0.0
0.0
0.0
0.0
0.0
0.0
0.09200072288513184
0.0
0.0
0.0
0.0
0.0
0.0
0.0
0.0
0.0
0.08899998664855957
0.0
0.0
0.0
0.0
0.0
0.0
0.0
0.0
0.0
0.08999848365783691
0.0
0.0
0.0
0.0
0.0
0.0
0.0
0.0
0.0
0.09100031852722168
0.0
0.0
0.0
0.0
0.0
0.0
0.0
0.0
0.0
0.09000015258789062
0.0
0.0
0.0
0.0
0.0
0.0
0.0
0.0
0.0
0.08900117874145508
0.0
0.0
0.0
0.0
0.0
0.0
0.0
0.0
0.0
0.09300112724304199
0.0
0.0
0.0
0.0
0.0
0.0
0.0
0.0
0.0
0.09300065040588379
0.0
0.0
0.0
0.0
0.0
0.0
0.0
0.0
0.0
0.09596419334411621
0.0
0.0
0.0
0.0
0.0
0.0
0.0
0.0
0.0
0.09000039100646973
0.001001119613647461
0.0
0.0
0.0
0.0
0.0
0.0
0.0
0.0
0.09700298309326172
0.0
0.0
0.0
0.0
0.0
0.0
0.0
0.0
0.0
0.09100103378295898
0.0
0.0
0.0
0.0
0.0
0.0
0.0
0.0
0.0
0.09500360488891602
0.0
0.0
0.0
0.0
0.0
0.0
0.0
0.0
0.0
0.08899903297424316
0.0
0.0
0.0
0.0
0.0
0.0
0.0
0.0
0.0
0.09000110626220703
0.0
0.0
0.0
0.0
0.0
0.0
0.0
0.0
0.0
0.09499955177307129
0.0
0.0
0.0
0.0
0.0
0.0
0.0
0.0
0.0
0.08799862861633301
0.0
0.0
0.0
0.0
0.0
0.0
0.0
0.0
0.0
0.08899998664855957
0.0
0.0
0.0
0.0
0.0
0.0
0.0
0.0
0.0
0.08899998664855957
0.0
0.0
0.0
0.0
0.0
0.0
0.0
0.0
0.0
0.09000134468078613
0.0
0.0
0.0
0.0
0.0
0.0
0.0
0.0
0.0
0.08899879455566406
0.0
0.0
0.0
0.0
0.0
0.0
0.0
0.0
0.0
0.09099912643432617
0.0
0.0
0.0
0.0
0.0
0.0
0.0
0.0
0.0
0.08799958229064941
0.0
0.0
0.0
0.0
0.0
0.0
0.0
0.0
0.0
0.09000086784362793
0.0
0.0
0.0
0.0
0.0
0.0
0.0
0.0
0.0
0.09000062942504883
0.0
0.0
0.0
0.0
0.0
0.0
0.0
0.0
0.0
0.09000134468078613
0.0
0.0
0.0
0.0
0.0
0.0
0.0
0.0
0.0
0.09000015258789062
0.0
0.0
0.0
0.0
0.0
0.0
0.0
0.0
0.0
0.08902883529663086
0.0
0.0
0.0
0.0
0.0
0.0
0.0
0.0
0.0
0.08982300758361816
0.0
0.0
0.0
0.0
0.0
0.0
0.0
0.0
0.0
0.08900046348571777
0.0
0.0
0.0
0.0
0.0
0.0
0.0
0.0
0.0
0.09000062942504883
0.0
0.0
0.0
0.0
0.0
0.0
0.0
0.0
0.0
0.09014654159545898
0.0
0.0
0.0
0.0
0.0
0.0
0.0
0.0
0.0
0.08902311325073242
0.0
0.0
0.0
0.0
0.0
0.0
0.0
0.0
0.0
0.08902573585510254
0.0
0.0
0.0
0.0
0.0
0.0
0.0
0.0
0.0
0.08802294731140137
0.0
0.0
0.0
0.0
0.0
0.0
0.0
0.0
0.0
0.09102416038513184
0.0
0.0
0.0
0.0
0.0
0.0
0.0
0.0
0.0
0.09060311317443848
0.0
0.0
0.0
0.0
0.0
0.0
0.0
0.0
0.0
0.0895085334777832
0.0
0.0
0.0
0.0
0.0
0.0
0.0
0.0
0.0
0.0879974365234375
0.0
0.0
0.0
0.0
0.0
0.0
0.0
0.0
0.0
0.09000039100646973
0.0
0.0
0.0
0.0
0.0
0.0
0.0
0.0
0.0
0.09000062942504883
0.0
0.0
0.0
0.0
0.0
0.0
0.0
0.0
0.0
0.08900046348571777
0.0
0.0
0.0
0.0
0.0
0.0
0.0
0.0
0.0
0.09000086784362793
0.0
0.0
0.0
0.0
0.0
0.0
0.0
0.0
0.0
0.09099984169006348
0.0
0.0
0.0
0.0
0.0
0.0
0.0
0.0
0.0
0.08899950981140137
0.0
0.0
0.0
0.0
0.0
0.0
0.0
0.0
0.0
0.09000086784362793
0.0
0.0
0.0
0.0
0.0
0.0
0.0
0.0
0.0
0.09100031852722168
0.0
0.0
0.0
0.0
0.0
0.0
0.0
0.0
0.0
0.08900070190429688
0.0
0.0
0.0
0.0
0.0
0.0
0.0
0.0
0.0
0.08999967575073242
0.0
0.0
0.0
0.0
0.0
0.0
0.0
0.0
0.0
0.09000015258789062
0.0
0.0
0.0
0.0
0.0
0.0
0.0
0.0
0.0
0.08999991416931152
0.0
0.0
0.0
0.0
0.0
0.0
0.0
0.0
0.0
0.09100079536437988
0.0
0.0
0.0
0.0
0.0
0.0
0.0
0.0
0.0
0.08999919891357422
0.0
0.0
0.0
0.0
0.0
0.0
0.0
0.0
0.0
0.08899807929992676
0.0
0.0
0.0
0.0
0.0
0.0
0.0
0.0
0.0
0.08903074264526367
0.0
0.0
0.0
0.0
0.0
0.0
0.0
0.0
0.0
0.08899903297424316
0.0
0.0
0.0
0.0
0.0
0.0
0.0
0.0
0.0
0.09006834030151367
0.0
0.0
0.0
0.0
0.0
0.0
0.0
0.0
0.0
0.08999037742614746
0.0
0.0
0.0
0.0
0.0
0.0
0.0
0.0
0.0
0.09103226661682129
0.0
0.0
0.0
0.0
0.0
0.0
0.0
0.0
0.0
0.0899813175201416
0.0
0.0
0.0
0.0
0.0
0.0
0.0
0.0
0.0
0.08999967575073242
0.0
0.0
0.0
0.0
0.0
0.0
0.0
0.0
0.0
0.09049224853515625
0.0
0.0
0.0
0.0
0.0
0.0
0.0
0.0
0.0
0.09000110626220703
0.0
0.0
0.0
0.0
0.0
0.0
0.0
0.0
0.0
0.08899974822998047
0.0
0.0
0.0
0.0
0.0
0.0
0.0
0.0
0.0
0.08800077438354492
0.0
0.0
0.0
0.0
0.0
0.0
0.0
0.0
0.0
0.09000015258789062
0.0
0.0
0.0
0.0
0.0
0.0
0.0
0.0
0.0
0.08899927139282227
0.0
0.0
0.0
0.0
0.0
0.0
0.0
0.0
0.0
0.09000039100646973
0.0
0.0
0.0
0.0
0.0
0.0
0.0
0.0
0.0
0.08900094032287598
0.0
0.0
0.0
0.0
0.0
0.0
0.0
0.0
0.0
0.09000039100646973
0.0
0.0
0.0
0.0
0.0
0.0
0.0
0.0
0.0
0.08900070190429688
0.0
0.0
0.0
0.0
0.0
0.0
0.0
0.0
0.0
0.09000086784362793
0.0
0.0
0.0
0.0
0.0
0.0
0.0
0.0
0.0
0.09000062942504883
0.0
0.0
0.0
0.0
0.0
0.0
0.0
0.0
0.0
0.09000039100646973
0.0
0.0
0.0
0.0
0.0
0.0
0.0
0.0
0.0
0.08899927139282227
0.0
0.0
0.0
0.0
0.0
0.0
0.0
0.0
0.0
0.09000015258789062
0.0
0.0
0.0
0.0
0.0
0.0
0.0
0.0
0.0
0.08899927139282227
0.0
0.0
0.0
0.0
0.0
0.0
0.0
0.0
0.0
0.08899974822998047
0.0
0.0
0.0
0.0
0.0
0.0
0.0
0.0
0.0
0.09000062942504883
0.0
0.0
0.0
0.0
0.0
0.0
0.0
0.0
0.0
0.08999943733215332
0.0
0.0
0.0
0.0
0.0
0.0
0.0
0.0
0.0
0.09000086784362793
0.0
0.0
0.0
0.0
0.0
0.0
0.0
0.0
0.0
